108;12296346960262506858 11723760883097-56;1
108;6150397113447044757 5868425161318-56;2
108;233114125995802624 4535503388672-56;70368811286592
108;2360239437537141798 9917146751015-56;128
108;324967548451867715 1924887876724-56;134217728
108;278159261974272 17523466571712-56;16
108;9009126186168450 274877939713-56;137439084544
108;17112760572 68451041343-56;8
108;18374686479737683971 267386880-56;4
108;71779417597132800 1044480-56;32
108;70952960405632 8796371943424-56;140737555464192
108;11547240441843811108 2282775382785-56;268435456
108;74326986306158592 4535773888512-56;68719542336
108;15675854701572 603979922-56;281474976710656
108;9224088920591960329 558346015552-56;256
108;9817963740212005216 8796093284612-56;274877906944
108;2306203649046774792 12094636425248-56;262144
108;68717019579691206 275549290501-56;131072
108;288934064132456448 2766093161061-56;562949953421312
108;9512306237887217664 579824780160-56;1048576
108;2342157688932139016 4294976128-56;549755813888
108;4900620099200761857 553547464768-56;1099511627776
108;576467366565660960 67117056-56;524288
108;153123040234311808 274886328336-56;137438953536
108;54114148623104130 10170766065664-56;140737488355328
108;5476379345905778688 2202781355008-56;512
108;233467653457391744 13349055225986-56;67108864
108;17293822586282573864 4294969600-56;2251799813685248
108;576460889742377281 10737419264-56;1125899906842624
108;218442277595971584 4535773904912-56;65536
108;79956485974720516 4535908106272-56;68719476736
108;16 1125281436674-56;2199023255552
108;1152921642047897616 68753031168-56;1024
108;5764607523034234881 4162-56;2097152
108;233396709074337792 4535503413248-56;70368744177664
108;0 8-56;18031991802826761
108;0 34359738368-56;36046423581556745
108;16 3254780928-56;4194304
108;5764607660473188360 33554432-56;536870912
108;0 524288-56;4538788302831649
108;153124417342026882 274953584657-56;137438953472
108;1152921642045800448 2199023257600-56;4398046511104
108;233114710446903488 4810794434704-56;64
108;576460752303423504 1073741832-56;1073741824
108;512 0-56;4512396005607442
108;0 68719476736-56;18023194904495122
108;17179869184 0-56;2252901473323026
108;512 1107820544-56;4503599627370496
108;0 4194304-56;149533716660230
108;0 526336-56;8388608
108;2097152 524288-56;35184372088833
108;16 0-56;9009399355933706
