336;13672866860545064431 9132842646933311487 13686429643630862079 9218582531446650867 4323314900467187710 65471-34;21504
336;650284587763929352 6199211773036664979 10127524719256950986 3035603273652016326 4775276409728545350 60582-34;84153377
336;11684607411769442434 671063387807432996 2522649129355576613 10397199949254109480 6832392183548192 4433-34;35656704
336;4940766568339555408 11566652334798840328 5783048533808677392 4688273737944940560 11565816830920524817 520-34;17044992
336;2308253138771517986 4512947632604164 76631562445193249 9530252621328425217 362539779735226376 4113-34;134222849
336;4280204134713299886 6852260143800588467 12442939991074363631 4191339836741760462 6016095099811623494 60854-34;4128
336;4818851620617978896 108369121103585280 4620698322787762964 4611699219143606288 9273688025416745984 0-34;4104
336;1189232893562520592 2342998822967345672 1171221811044680208 4684878446042612240 2342443690259252240 520-34;285217792
336;943018563677231433 6208781922245875923 10127524719458277578 3076136220055213254 5351738263691080390 60582-34;84153345
336;131200 17626613022976 269485056 538970120 4415243157536 64-34;570430480
336;4755836391949074944 9223653512368365568 4616198692247019520 9223376443491237892 14123429173233975297 64-34;136192
336;14164288139048338512 11566688137646236172 5787560929529079312 4707765880115707921 11854187944560723225 4617-34;4608
336;69038325764 2900318228746092544 1297326963752435712 74309403515289600 2305843284628504592 768-34;5122
336;6743972660861336925 17775645501253073627 15919581036536584922 7759906371261945558 18079482698961565399 61102-34;17039360
336;2452228141262307874 598988167425048612 2382483524484669729 9242022245184839968 362612347502659848 4369-34;167776256
336;2251799947913216 9570149745034560 144115190324003072 9547633409049755648 576461027181330560 0-34;5184
336;4611721203873234944 9223653512368365568 4611826756989517824 281483566661632 9223512778638131201 0-34;1090523136
336;1152957238734880896 263917219774760 2305983748045317120 1126037888960552 4415243157537 64-34;16
336;18014398509482528 268566528 4504012212740096 288511851128422400 360428707686531072 0-34;528384
336;1 18155273437970432 72127962782105600 549755816480 2155874336 64-34;256
336;12474653670341655403 6214420769785322711 10204157415774836971 13759591820975650759 6867208348421143246 64695-34;4097
336;9232388066595963008 72075220650950912 144678413176669188 1155177703006013448 4508014870544416 64-34;570429440
336;281474976710656 9223372036854776320 18577623349198848 17592186044416 256 8-34;5124
336;18023194602504192 175921860444160 549755813888 6450839552 0 0-34;18432
336;34359738384 20480 144115188075856128 4503616807241736 0 0-34;37888
336;6762127865847086429 17775645501261463259 15919581036536584922 8049544122297472727 18079623711336347351 61102-34;16777216
336;11684757014338732162 671063387815821604 2522649129355576613 10398325851316824361 6832392183548192 4433-34;2101248
336;943018563694008653 6208782059684829395 10136533018224646346 3076153812241257670 5360745462945821382 60582-34;67376128
336;17592253169664 90071992547409920 0 536870912 0 0-34;70656
336;0 1024 8796093022208 2359296 274877906952 0-34;1053696
336;18014398509481984 35184372088832 549755813888 4294967296 8388608 0-34;2147489792
336;0 70369079721984 0 4398046511104 0 0-34;5248
336;0 140737488355328 0 0 0 0-34;4312033552
336;0 0 0 281474976710656 8388608 0-34;17438720
336;0 35184372088832 0 0 0 0-34;2156157456
336;2452368947470148130 598988167433438244 2382483524518224161 9530252621336813857 362612622380566792 4369-34;134221824
336;0 70368744177664 0 1073741824 0 0-34;8589956096
336;0 0 1099511627776 0 0 0-34;71586849
336;0 0 0 2147483648 0 0-34;4330641448
336;1189232893566714896 2342998822967345672 1171221811044680208 4684878446042612240 2342443690259252240 520-34;268440576
336;9232388066595963008 72075220650950912 144678413176669188 1155177703006013448 1157429519477391392 64-34;536875008
