130;17870283321406128128 18446744073709551615 3-132;2 0 0
130;576460752303423487 0 0-132;1 0 0
130;7340446773188901633 4628642285620298689 1-132;8192 0 0
130;4761194535517016548 662065852163622912 0-132;0 2048 0
130;9799832789158199296 8709554508877468032 3-132;8796093022210 0 0
130;162141011291179008 14090864790672448 0-132;0 2097152 0
130;9236887275431203696 14375490036873462400 1-132;0 4194304 0
130;725431489636926455 9012851683377168 0-132;0 2199023255552 0
130;10395092991945474818 7505404948052582720 0-132;67108864 0 0
130;112907790351367265 1224979373779092496 3-132;134217728 0 0
130;153425908764624106 11673330308316530688 0-132;16384 0 0
130;3603385931444274694 288512127082202179 0-132;35184372088832 0 0
130;144133333575631621 1152921538966585476 0-132;288230376151711744 8 0
130;7361723071050583176 104692981810 0-132;34359738368 0 0
130;9223690923431624708 108496115971850249 0-132;68719476736 0 0
130;45082686915614930 2954431732889321474 1-132;0 4 0
130;648608816236070923 211192668885260 0-132;0 1024 0
130;9701890524591741232 4623033082578993152 0-132;0 9007199254740992 0
130;19430673157198018 7495292437082931216 0-132;144115188075855872 0 0
130;0 4332518820622475264 3-132;2 536870912 0
130;1243210445147869793 18014407099439108 0-132;17179869184 0 0
130;679477248 9524994811991495688 0-132;0 2 0
130;1152921504623624192 9315217620310443761 0-132;0 1073741824 0
130;2432087834870939648 9697552373815190848 0-132;0 1099511627776 0
130;10696479740155904 562953711685646 0-132;0 4398046511104 0
130;23080948190938116 901885407844861092 0-132;0 18014398509481984 0
130;12105675798371893248 9372567252596467980 0-132;2 576460752303423488 0
130;10952754293765046272 4909089957781454954 1-132;34 0 0
130;4615065917934549312 9295484675198814208 0-132;17592186044416 0 0
130;290487278481571976 1688849869963779 0-132;268435456 0 0
130;36028831378702352 8654373949561373760 2-132;137438953472 0 0
130;0 8965702072611704961 1-132;2 288230376151711744 0
130;338385784733073448 9077567998926864 0-132;70368744177664 0 0
130;8646911284551354368 9561143108473065480 2-132;36028797018963968 0 0
130;74574410782605322 2382406677317026312 0-132;0 36028797018963968 0
130;0 3500423433384436737 2-132;18 0 0
130;322715469319639680 128 0-132;512 0 0
130;4611686018427387904 40545041160882433 2-132;2 1 0
130;2326149383736276293 4 0-132;0 8589934592 0
130;281819782258688 140902995853568 3-132;0 4503599627370496 0
130;18549195501732611 512 0-132;0 9223372036854775808 0
130;5764616319127257088 108474677634269186 2-132;0 1152921504606846976 0
130;145267957465874454 576460752303952388 0-132;128 0 0
130;10952754293765046272 562967136785470 0-132;4098 0 0
130;2254432773341184 2832411209564162 1-132;72057594037927936 0 0
130;4611688651422695440 4611967493538449664 0-132;0 2147483648 0
130;9223468863472011394 17180397578 0-132;0 4294967296 0
130;14990231372856337408 281552288221216 0-132;0 8796093022208 0
130;35261815718018 2306265635094530048 2-132;0 1048576 0
130;363331968132186121 578730144303153158 0-132;0 8388608 0
130;4295106560 307933624567898112 3-132;0 8192 0
130;288296896605192200 2377929465432375296 1-132;0 549755813888 0
130;4647718172047736832 272 0-132;256 0 0
130;72445171887066217 0 0-132;1025 0 0
130;153122465982283780 9511637601673543808 0-132;536870912 0 0
130;9568038697740273152 1152921504607896192 0-132;0 512 0
130;2306986776184487936 58565512623374336 0-132;33554432 0 0
130;9461306940783690501 5764642741766062724 0-132;0 8 0
130;444167514457479360 0 0-132;1 0 2
130;72274197828886560 144185556820034048 0-132;576460752303423488 0 0
130;9007199523176464 6953580364648431682 0-132;0 4096 0
130;4948350730944 1297037792194330624 0-132;0 72057594037927936 0
130;0 9440494798113867776 0-132;10 0 0
130;189767472764913429 1224979134078288004 0-132;288230376151711744 0 0
130;288939561151783976 0 0-132;1 16 0
130;1649304141840 68719624240 0-132;0 2305843009213693952 0
130;2305843009224179712 18023332312154112 0-132;64 0 0
130;1073741824 10141895293174016 0-132;274877906944 0 0
130;0 18027734853224448 0-132;9007199254740994 0 0
130;261632090364379136 144115188075855872 0-132;0 17179869184 0
130;72075289588924416 2147484736 0-132;0 4611686018427387904 0
130;0 283674012573985 0-132;18014398509481986 0 0
130;3458764513820540928 18014536351096880 0-132;9223372036854775810 0 0
130;0 18577352829192195 0-132;2 1125899906842624 0
130;90073092092657808 144115188075855872 0-132;140737488355328 0 0
130;8623489024 144124018679611393 0-132;0 16384 0
130;36311372581045248 35184373137440 0-132;0 16777216 0
130;4611686155866341376 9223662857680334848 0-132;0 2251799813685248 0
130;41658305210359812 0 0-132;1 0 1
130;20 72482280404156416 0-132;32768 0 0
130;46729246277632 557056 0-132;262144 0 0
130;4611686018427387904 71055938947112 0-132;16777218 0 0
130;1130297953878016 5368710176 0-132;0 256 0
130;4611686018427387904 19140298416333065 0-132;2 524288 0
130;293859877833441824 0 0-132;1 34359738368 0
130;0 6359153042592366592 2-132;2 274877906944 0
130;576460752303423488 0 0-132;4647723615838539810 576744426572088320 0
130;1125899906850820 1152921538966601728 0-132;0 33554432 0
130;0 12911232 0-132;2 17592186044416 0
130;558346797057 4294967296 0-132;281474976710656 0 0
130;576460752303423488 42924933981929472 0-132;2 268435456 0
130;524288 34896617472 0-132;65536 0 0
130;70368744177664 54113564272623616 0-132;131072 0 0
130;577586652210290690 0 0-132;4294967296 0 0
130;33554432 8388736 1-132;549755813888 0 0
130;0 33816588 0-132;4398046511106 0 0
130;9511602413006487552 17179870208 0-132;1152921504606846976 0 0
130;2305843009213693952 2251799880794128 0-132;2 32768 0
130;2147484712 0 0-132;1 0 4
130;0 1441151880758558720 2-132;524290 536870912 0
130;0 68719480836 0-132;8388610 1024 0
130;4504149383184640 0 0-132;8589934593 0 0
130;0 9367487224930632192 0-132;2199023255554 4194304 0
130;0 64 0-132;4616224939932917794 4611968593991569408 0
130;4503599627632640 17179869184 0-132;0 4194336 0
130;0 9223653512099921920 0-132;2 65536 0
130;1152921504606846976 2199023779840 0-132;2 131072 0
130;3458764513820540928 0 0-132;9259436018245828610 281474976972800 0
130;16384 0 0-132;576495941104714753 9011666087839760 8
130;0 268959760 0-132;2 562949953421312 0
130;20971521 0 0-132;1 144115188075856896 0
130;0 2251799813685248 0-132;72066527637020678 297378313171664898 0
130;8448 0 0-132;17592186054657 8589934592 0
130;16 281474976710656 0-132;1073774592 2147483648 0
130;33554432 144115188075855872 0-132;140739635855360 4210688 0
130;0 16896 0-132;562949953421314 1073741824 0
130;0 2147483648 0-132;146367056676134946 4616194016772360194 0
130;4503599627370504 0 0-132;2305913377957871617 0 0
130;562949953683456 0 0-132;70403103924225 137438955520 0
130;0 34359738369 0-132;2 288265560523816960 0
130;0 576460752303423488 0-132;144124121677037698 306245050084362244 0
130;0 288230376151711744 0-132;36065081440075810 306245874713894914 0
130;0 32 0-132;9242512369647620130 2323866204906717440 0
130;576460752303423488 4294967360 0-132;4611686018427387906 0 0
130;0 144115188075855872 0-132;576603690962534410 648519463037059200 0
130;4035225266123964416 16 0-132;2 262144 0
130;0 70370891661312 0-132;68719476738 134217728 0
130;16392 0 0-132;17409 68719476752 0
130;278528 0 0-132;576460752437642241 9007199254743040 8
