336;2132251456988101965 8551851251396348635 11307894467279608538 7755402758749656786 4244424639384434390 61102-34;17060864
336;2956145223593136938 6203724170913454227 10127525853130479851 4189088020270396870 6002507317918904902 60598-34;5153
336;11540474597080694914 580991395260006692 2378533939132236837 1173823496636080416 6832392166770976 4369-34;35673088
336;943018563677231433 6208781922245875923 10127524719458277578 3076136220055213254 5351738263691080390 60582-34;84153345
336;14164279342955316304 11566652953274147340 5787560929529079312 4707484405138997265 11854187944560723225 4617-34;5632
336;2452228141262307874 598988167425048612 2382483524484669729 9242022245176451360 362612347502659848 4369-34;167777280
336;9232379270502940800 72075220650950912 144678413176669188 1155177703006013448 4508014870544416 64-34;570430464
336;4611721203873218560 9223653512368365568 4611686019501162496 8589950976 9223372041149743105 0-34;1090917376
336;4818851620617978896 108369121103585280 4620698322787762964 4611699219143606288 9273688025416745984 0-34;4104
336;4136071320024551854 6780202549762656435 12442939716196391151 4191339810435085762 1404409081367458374 60854-34;20512
336;1189232893562520576 2342998822967345672 1171221811044680208 4684878446042612240 2342443690259252240 520-34;285234176
336;1152957238734880896 263917219774760 2305983748045317120 1126037888960552 4415243157537 64-34;16
336;12474653670341655403 6214420769785322711 10204157415774836971 13759591820975650759 6867208348421143246 64695-34;4097
336;69038325764 2900318228746092544 1297326963752435712 74309403515289600 2305843284628504592 768-34;5122
336;11684757014338732162 671063387815821604 2522649129355576613 10398325851316824361 6832392183548192 4433-34;2101248
336;2251799947913216 9570149745034560 144115190324003072 9547633409049755648 576461027181330560 0-34;5184
336;140806207840256 8389632 33554432 288230376151973889 274877906944 0-34;151016448
336;18014398509482528 268566528 4504012212740096 288511851128422400 360428707686531072 0-34;528384
336;4755836391949074944 9223653512368365568 4616198692247019520 9223657918467948548 14123429173242363905 64-34;135168
336;1 18155273437970432 72127962782105600 549755816480 2155874336 64-34;256
336;18014398509481984 0 549755813888 4294967296 8388608 0-34;2164267016
336;281474976710656 9223372036854776320 18577623349198848 17592186044416 256 8-34;5124
336;34359738384 20480 144115188075856128 4503616807241736 0 0-34;37888
336;4611721203873234944 9223653511831494656 4611826756989517824 281474976727040 9223512778638131201 0-34;1090523648
336;2458983575096787618 653048370755534880 2306406388935491621 1155736550200320264 78889986221490176 272-34;33558560
336;943018563694008653 6208782059684825299 10136533018224646346 3071650212613887170 749059444518433478 60582-34;67392512
336;18023194602504192 175921860444160 549755813888 6450839552 0 0-34;18432
336;6743972660861336925 17775645501253073627 15919581036536584922 7759906371261945558 18079482698961565399 61102-34;17039360
336;0 1024 0 2359296 274877906952 0-34;1070080
336;17592253169664 90071992547409920 0 536870912 0 0-34;70656
336;0 35184372088832 0 0 0 0-34;2156157456
336;0 70369079721984 0 4398046511104 0 0-34;5248
336;8796093022208 0 0 0 0 0-34;572545537
336;36028814203028496 36029913844678656 4398583513616 4611694814654627856 36591884415665152 0-34;268441096
336;0 140737488355328 0 0 0 0-34;4312033552
336;13672866860545064431 9132842646933311487 13686429643630862079 9218582531446650867 4323314900467187710 65471-34;21504
336;0 70368744177664 0 1073741824 0 0-34;8589956096
336;0 0 1099511627776 0 0 0-34;71586849
336;0 0 0 0 1152921504606846976 0-34;553931809
336;0 0 0 8388608 0 0-34;169891873
336;8796093022208 0 0 281474976710656 0 0-34;6657
336;68769808388 576460752303423488 0 2251809477361664 0 256-34;5154
336;0 0 8796093022208 0 0 0-34;168957442
336;0 0 0 2147483648 0 0-34;4330641448
