108;18446744073709551615 17592186044415-56;0
108;12296346960262506858 11723760883097-56;1
108;6150397113447044757 5868425161318-56;2
108;18374686479737683971 267386880-56;4
108;17112760572 68451041343-56;8
108;278159261974272 17523466571712-56;16
108;71779417597132800 1044480-56;32
108;233114710446903488 4810794434704-56;64
108;2360239437537141798 9917146751015-56;128
108;9224088920591960329 558346015552-56;256
108;5476379345905778688 2202781355008-56;512
108;1152921642047897616 68753031168-56;1024
108;0 4718592-56;16384
108;218442277595971584 4535773904912-56;65536
108;68717019579691206 275549290501-56;131072
108;2306203649046774792 12094636425248-56;262144
108;576467366565660960 67117056-56;524288
108;9512306237887217664 579824780160-56;1048576
108;5764607523034234881 4162-56;2097152
108;16 3254780928-56;4194304
108;0 526336-56;8388608
108;512 34359738368-56;16777216
108;0 68719476744-56;18014398543036416
108;233467653457391744 13349055225986-56;67108864
108;324967548451867715 1924887876724-56;134217728
108;11547240441843811108 2282775382785-56;268435456
108;5764607660473188360 33554432-56;536870912
108;576460752303423504 1073741832-56;1073741824
108;79956485974720516 4535908106272-56;68719476736
108;153124417342026882 274953584657-56;137438953472
108;9817963740212005216 8796093284612-56;274877906944
108;2342157688932139016 4294976128-56;549755813888
108;4900620099200761857 553547464768-56;1099511627776
108;16 1125281436674-56;2199023255552
108;1152921642045800448 2199023257600-56;4398046511104
108;233396709074337792 4535503413248-56;70368744177664
108;54114148623104130 10170766065664-56;140737488355328
108;15675854701572 603979922-56;281474976710656
108;288934064132456448 2766093161061-56;562949953421312
108;576460889742377281 10737419264-56;1125899906842624
108;17293822586282573864 4294969600-56;2251799813685248
108;512 1107820544-56;4503599627370496
108;0 0-56;72057594037927935
108;12249790986470817794 110100480-56;5
108;46445570180939776 675840-56;33
108;5771362408 41339060249-56;9
108;110397839386880 11682311046528-56;17
108;10133099161714688 0-56;70368811417697
108;144115188075855872 9437184-56;67108933
108;1125899906973696 0-56;70437530894433
108;9007199254740992 0-56;70506250371169
108;144115188075855872 1048576-56;70368811352133
108;268435520 16-56;134217801
108;35218731827200 137438953600-56;67108945
108;36310271995969536 147456-56;161
108;0 1048576-56;70437530828869
108;144115188075855872 0-56;70506250305605
108;0 8388608-56;140874994679877
108;268435456 16-56;281475110993993
108;144115188075855872 8388608-56;137506062405
108;0 16384-56;70506250305697
108;34359738368 137438953472-56;67174481
108;2305843009234665474 67108864-56;133
108;268435456 0-56;281543830470729
108;0 16-56;281612549947465
108;36028797018963968 0-56;141287378518177
108;64 0-56;1126174919098441
108;0 137438953472-56;70437530828881
108;34359738368 0-56;140874994483281
108;5502926880 4294967297-56;137
108;281474977005568 131072-56;262305
108;35184372088832 0-56;70643689324625
108;2 0-56;140875061657733
108;0 128-56;282024800682065
108;35184372088832 137438953472-56;70368811286609
108;281474976972800 0-56;70368811548833
108;70643622092800 8796093022208-56;145
108;2305843009230471168 0-56;262277
108;262144 0-56;70506250502305
108;281474976710656 0-56;70918567362721
108;134217728 0-56;140806342115465
108;32768 131072-56;140737622835361
108;274877915136 0-56;137439084689
108;0 131072-56;140875061788833
108;16777216 0-56;281749989097605
108;32768 0-56;141012500742305
108;262144 131072-56;137439215777
108;8192 0-56;140874994548881
108;5368709120 1-56;131209
108;2305843009213693952 0-56;2252349838196869
108;281474976972800 16384-56;70368811286689
108;4194304 67108864-56;281474977235077
108;274877906944 0-56;281612550013073
108;262144 16384-56;70506250240161
108;36028797018996736 131072-56;140737622573217
108;5368709120 0-56;281475111059593
108;70368744177664 8796093022208-56;141012433633425
108;262144 147456-56;137438953633
108;70368744185856 8796093022208-56;140737555464337
108;4194304 0-56;282024800157829
108;36310271995674624 0-56;549755814049
108;4294967296 0-56;281749988966537
108;0 4096-56;565149112992033
108;0 67108864-56;281612550406277
108;1073741824 0-56;282024866873481
108;2199023255552 0-56;281750123577889
108;16777218 67108864-56;134217861
108;0 1-56;563087660941449
108;4398046513408 549755814144-56;273
108;0 524288-56;4538788302831649
108;32 0-56;2252074960552073
108;2 67108864-56;137573171333
108;46161896180678656 0-56;131105
108;0 4294967296-56;2252349838983305
108;16777216 67108864-56;281475110928517
108;10414574138687488 16384-56;70368811286561
108;2305843009217888256 0-56;549755814021
108;5502926848 0-56;134217865
108;9007199255003136 16384-56;70506250240033
108;20971520 67108864-56;281474976710789
108;36028797018996736 135168-56;134217761
108;9223372036854775808 0-56;2252074961076485
108;4398046513408 0-56;524561
108;9007199255003136 147456-56;137438953505
108;32 4294967297-56;268435593
108;2199023288320 0-56;274877906977
108;576460752303423488 0-56;1126175859016197
108;32 4294967296-56;2251800082120841
108;576462951326679040 2201707611136-56;513
108;4398046513152 0-56;134742289
108;4294967328 0-56;274877907081
108;1073741824 4294967296-56;549755814025
108;2097152 33554432-56;1029
108;2048 0-56;141012501004561
108;8 0-56;2252350106632457
108;4398046511104 0-56;282024867266833
108;256 0-56;1126175053709585
108;576462951326679040 0-56;274878431745
108;2304 0-56;274878431505
108;2097152 0-56;598134594208773
108;0 549755814144-56;1048849
108;0 33554432-56;4504699680064517
108;0 549755813888-56;564049600315665
108;2305843009232568320 8388608-56;262149
108;0 2684354560-56;1099511628297
108;0 256-56;2252074961076497
108;4398046513152 549755813888-56;134218001
108;0 2147484672-56;1125899911037441
108;2305843009215791104 0-56;268697605
108;256 256-56;275146342673
108;2304 256-56;274877907217
108;576460752307617792 67108864-56;524293
108;0 536870912-56;282574622687753
108;0 2199023256576-56;529
108;0 536871936-56;134218241
108;0 2147483648-56;1126999691100681
108;144115188080050176 9437184-56;67108869
108;2199023255552 2201170739200-56;268435969
108;0 8-56;18031991802826761
108;2199023255552 536870912-56;281474976711169
108;11529215046070566912 0-56;268435461
108;576460752303423488 2147484672-56;1125899906843137
108;11529215046068469760 0-56;2251800082120709
108;0 2199023255552-56;567348268630545
108;2306194852953751560 10995124797440-56;262145
108;144115188075855874 75497472-56;137438953477
108;0 1024-56;1128099068510737
108;2 8388608-56;140874927308805
108;0 34359738368-56;36046423581556745
108;9799832789174976512 0-56;274877906949
108;137438953472 0-56;1130298491274257
108;154283506237833280 137448390800-56;65
108;402653184 16-56;134283273
108;35459250003968 0-56;131089
108;351843721150464 8796101410816-56;67371009
108;402653184 0-56;68853760009
108;262144 8388608-56;137506324481
108;5368709184 536870913-56;131081
108;70368744177664 8796101410816-56;140737555726337
108;2305843009215791104 2199023255552-56;268697601
108;2097152 2199023255552-56;562950222118913
108;35184372097024 0-56;67239953
108;5368709184 536870912-56;134348809
108;262144 8519680-56;137439215617
108;0 8519680-56;140874927570945
108;70368744177664 10995116277760-56;262161
108;144115222704029696 137440002064-56;65601
108;2306124484190404616 0-56;549756076033
108;2305843009213693960 0-56;2252349569761281
108;4294967360 0-56;275012255753
108;70368744210432 8796101541888-56;140737488617473
108;154635349694750720 8933541429376-56;67108865
108;137438953472 549755814272-56;1048593
108;5368709120 536870912-56;281475111059465
108;144115222435594240 137440002048-56;67174465
108;5771362368 536870928-56;134217737
108;105587476013056 8933531975808-56;67108881
108;0 137440002048-56;70437530828865
108;5637144576 536870928-56;281475110928393
108;32 6442450945-56;268435465
108;144115222435594240 0-56;137506127937
108;153122421690605568 8404992-56;137506062337
108;144115188075855872 137440002048-56;70368811352129
108;268435456 137440002048-56;68719542337
108;0 17-56;137438953481
108;34359746560 0-56;140874994417681
108;153122387330859008 16384-56;70506250240001
108;144115222435594240 16-56;137439019073
108;34359746560 8388608-56;140874994417665
108;105553116266496 8796093022208-56;274945015825
108;281474980904960 128-56;549822922753
108;10168283533803584 0-56;131137
108;4294967392 0-56;274877906953
108;70403103924224 8796093022208-56;140737555464209
108;4194304 128-56;282024799633409
108;4672924420096 549755814912-56;134217745
108;1073741832 4294967296-56;549755813897
108;154564946586632192 137440018432-56;70368811286529
108;70403103924224 8796101410816-56;140737555464193
108;10168283533803520 0-56;70368811417665
108;8 4294967296-56;2252349569499145
108;0 34359738376-56;17592186044425
108;576460752303423488 8-56;1073741825
108;4672924418048 0-56;281475110928401
108;35184372088896 0-56;274878038081
108;64 2147483648-56;1125899906842633
108;256 2199023255808-56;268435473
108;154283505969397760 137448390784-56;67108929
108;40 4294967296-56;2251799813685257
108;309237653504 0-56;137438953489
108;2342157680333815816 4294967424-56;549755813889
108;1125899906973696 137440002048-56;70437530763329
108;2342223930355654690 8800455245825-56;129
108;105553116268800 8796093022464-56;274877906961
108;153122421690335232 8388608-56;137506062401
108;4399124447232 128-56;282024732524545
108;153122387330596864 0-56;70506250240065
108;34359738368 8388608-56;140874994417729
108;2305843009213693960 4294967296-56;2252349569499137
108;154283471609659392 137440002048-56;70368811286593
108;70368744179712 8796093022208-56;141012366262289
108;1125900175409152 137440002048-56;68719476801
108;153122421690335232 8388624-56;137438953537
108;4398046511104 128-56;282024732524561
108;268435456 144-56;281474976710721
108;137438953472 2199023255552-56;4398046511121
108;6877605789696 603979920-56;281474976710657
108;137441050624 33554432-56;1025
108;70403103926272 8796093022208-56;140737488355345
108;0 34078720-56;4503599627370497
108;4672924418048 128-56;281474976710673
108;25333847416193024 368640-56;34
108;0 2748779069440-56;562949953421329
108;137438953728 1024-56;1125899906842641
108;9223376434901289224 549755818240-56;257
108;137438953472 33554432-56;536871937
108;134217728 16384-56;65665
108;576467349377386784 67108864-56;524289
108;36029077265588226 1-56;131201
108;6755399441645568 98304-56;70368811286626
108;9223372036854775808 549755814144-56;1048833
108;4398046513152 67108864-56;134742017
108;9223372036854775808 256-56;2252074961076481
108;4398046513152 549755817984-56;134217985
108;2251799814275072 65536-56;70368811352162
108;4398046511104 67108864-56;281475111452673
108;36029077265580034 0-56;134348929
108;2199023255840 0-56;275146866689
108;2251799813750784 65536-56;70437530828898
108;0 549755817984-56;562950087639297
108;576462951326681376 0-56;274878431233
108;524288 0-56;70506250305634
108;9223372036854776064 256-56;275146342657
108;4503599627370496 32768-56;70368811417698
108;274877906946 0-56;137573302401
108;9223372036854778112 256-56;274877907201
108;576460752303423744 0-56;1126174785273857
108;4398050705408 0-56;282024733048833
108;36028798092705792 0-56;549890162817
108;4398046511112 0-56;549755814145
108;6597073960960 67108864-56;281474977234945
108;9223372036854775816 256-56;2251799813685505
108;36028797018963970 0-56;140737622704257
108;4503599627370496 0-56;70437530894434
108;280246616064 0-56;281475111059585
108;36033475731556418 550359929872-56;134217729
108;0 32768-56;70506250371170
108;274877915138 1-56;137439084673
108;46197360799391810 536870913-56;131073
108;6755399441121280 65536-56;70437530763362
108;8194 0-56;140874927440001
108;524288 32768-56;70506250240098
108;36028797018972162 0-56;140737488486529
108;18015498021126144 8192-56;162
108;2306194852951654400 8796093153280-56;262273
108;18015498021109760 0-56;131234
108;274877906946 67239952-56;137573171201
108;351843721150464 8796093022208-56;67371137
108;1099511627776 0-56;70506250371234
108;10168283533811712 0-56;67239937
108;18014398509481984 0-56;141012634828962
108;274877906944 67108880-56;281612549881857
108;16809984 131072-56;134480001
108;9007199254749184 0-56;137506193409
108;16384 8192-56;524450
108;4311779392 0-56;275012124673
108;36029077265580098 536870912-56;134348801
108;16809984 0-56;275012386945
108;0 8192-56;70918567624866
108;34816 0-56;141012500480001
108;70368760987648 8796093022208-56;274878169217
108;36033196139216896 0-56;549890031617
108;280246616064 536870912-56;281475111059457
108;16384 0-56;282574623080610
108;9007474132656130 1-56;137439084545
108;70368744210432 8796093022208-56;141012366524545
108;1099511627776 8192-56;70368811286690
108;2306124484190404608 0-56;549756076161
108;35188667056192 0-56;274878038017
108;562949953421312 262144-56;290
108;70368744210432 8796093153280-56;140737488617601
108;4399120252928 0-56;282024866742273
108;4194336 67108864-56;524417
108;0 550292684800-56;1099645845505
108;0 2181039104-56;4194305
108;0 5120-56;2199157473281
108;0 262144-56;141012634829090
108;36028797153216514 131072-56;140737622573057
108;351843725352960 8796093038592-56;67108993
108;562949953421312 0-56;564049600315682
108;4678578339840 603979792-56;281475110928385
108;64 1024-56;1125900041060353
108;22519097648480256 294912-56;131106
108;1125900309626880 137440002048-56;68719476737
108;0 2181038080-56;1099515822081
108;270336 16384-56;137506062465
108;4504699138998272 32768-56;70368811417634
108;281474980904960 0-56;549822922881
108;137438953480 33554432-56;536870913
108;36029077416607746 67239936-56;134217857
108;1099511627776 32768-56;70506250371106
108;0 552473722880-56;1099511627777
108;18014398509481984 262144-56;141012634828834
108;6756498953273344 106496-56;70368811286562
108;2097152 2748779073537-56;562949953421313
108;274877906946 67239936-56;137573171329
108;6124895493266866177 157286400-56;6
108;1099512152064 32768-56;70506250240034
108;9799940545609501024 8796093022464-56;274877906945
108;562949953437696 0-56;1099645845538
108;2 131072-56;140875061526657
108;274877906944 67108864-56;281612549881985
108;4311777280 0-56;275012124801
108;4899916394579099648 1073743872-56;514
108;70368744212480 8796093022208-56;141012366262273
108;2203335000064 0-56;281749854617601
108;576460752303423808 0-56;1126174784749569
108;36099200257140738 8796101541888-56;140737488355329
108;4899916394579099648 1073741824-56;1099511628290
108;11529215046068469800 4294967552-56;2251799813685249
108;4611686018427387904 2048-56;2251799813685762
108;4311744512 0-56;281749988835457
108;167761422587392 5841155525184-56;18
108;36028797153214466 131072-56;140737622573185
108;17188274176 8192-56;524290
108;280263393280 67108864-56;281475110928513
108;2305843009213693984 4294967297-56;268435585
108;2305843009213693952 4294967296-56;2252349837934721
108;2305843009213693984 4294967296-56;2251800082120833
108;274878177282 67256321-56;137438953601
108;8388608 8192-56;549823447042
108;17179885568 0-56;1099512152066
108;8194 131072-56;140874927308929
108;70373055954976 8796093022208-56;274877907073
108;72057594038976512 153092096-56;70
108;2342153282287304704 4294967296-56;549755814017
108;8404992 0-56;281474977234946
108;1077936128 0-56;282024732524673
108;36099165897400322 8796093153280-56;140737488355457
108;288934072720311297 1374527946852-56;134217730
108;280267587584 67108864-56;281474976710785
108;18210661339136 4672924418048-56;82
108;72057594037927936 18874368-56;68786651206
108;144115222838247424 137440018448-56;65537
108;72057594037927936 16777216-56;70437530828870
108;0 2097152-56;140806275006534
108;0 134217760-56;563018807115778
108;1048576 134217728-56;131142
108;17660905521152 4398046511104-56;70368811352146
108;536871936 274877906944-56;137573171202
108;1048576 0-56;70506250371142
108;17592186044416 4398046511104-56;70437530828882
108;288934063593504769 64-56;1099645845506
108;144115222435594240 137440018432-56;67174401
108;68719476736 0-56;70506250305618
108;0 134217728-56;563018807246918
108;549755817984 274877906944-56;140874927439954
108;288934063593488384 64-56;564049599266818
108;72057594038976512 18874368-56;67108934
108;0 1374393729024-56;140737622573058
108;144115222435594240 16384-56;137506127873
108;549755817984 0-56;140874994548818
108;288934064130359296 134217828-56;562950087639042
108;0 274877906944-56;140875061657682
108;144115188075855872 16384-56;70506250305537
108;18023194602504192 262148-56;274877906946
108;18210661339136 4398046511104-56;67108946
108;72057594038976512 16777216-56;70368811286598
108;144115188075855872 137440018432-56;70368811352065
108;72057594037927936 153092096-56;68719476806
108;618475294720 0-56;137506062418
108;402653184 137440002048-56;68719542273
108;618475294720 274877906944-56;137438953554
108;1024 1099511627776-56;134480018
108;144115222435594240 16400-56;137439019009
108;33554432 0-56;140874994548870
108;34493956096 0-56;140737488420865
108;1152921504606846976 2048-56;2256197860196354
108;9223372174293729280 554050781568-56;1048577
108;8388609 0-56;262
108;8798248911876 2-56;281474976710658
108;1024 0-56;281612550144146
108;0 1099511627776-56;142936646090898
108;216172782114832384 162529280-56;68
108;8388608 0-56;282024800157958
108;149533581377536 576-56;274
108;9223372036854775808 4294967552-56;2251800083169281
108;1 0-56;1126999554785542
108;0 4294967424-56;549756862465
108;11529217245093822752 2205465706753-56;268435457
108;4899916394579099648 0-56;1099511628294
108;216172782113783808 19922944-56;67174468
108;8796093022208 0-56;281750123315474
108;288230376151711744 0-56;564049600315910
108;72057594037927936 19922944-56;68786651204
108;9223374235878031648 256-56;275146342401
108;72057594037927936 17825792-56;70437530828868
108;4611686018427387904 0-56;2252899864281606
108;140737488355328 512-56;562949954470162
108;9223372036854775840 256-56;2252074960027649
108;216172782113783808 17825792-56;70368811352132
108;2097152 2199023255553-56;562950221856769
108;216172782114832384 28311552-56;67108932
108;1152921504606846976 0-56;2256198399165446
108;256 2147483648-56;1125900175278081
108;11529215046068469792 4294967552-56;2251800082120705
108;140737488355328 0-56;564049600315666
108;153122696568512514 75644945-56;137438953473
108;144115188076904448 8388608-56;137506062404
108;0 512-56;563499978719506
108;0 4194304-56;149533716660230
108;144115188076904448 0-56;70506250240068
108;34359746562 8519680-56;140874927308801
108;0 64-56;564049601364242
108;216172782114832384 17825792-56;70368811286596
108;2097152 524288-56;35184372088833
108;0 10485760-56;140737555464260
108;34603008 134217728-56;131078
108;140737488355328 64-56;564049599267090
108;72057594037927936 154140672-56;68719476804
108;576460889742377280 2147484672-56;1125899906842625
108;8796093022208 512-56;268435730
108;1152921504608944128 33554432-56;1028
108;34603008 0-56;137506193414
108;140737488355328 576-56;562949953421586
108;288230376151711744 4194304-56;135266310
108;0 2048-56;2256198137020946
108;11341398164 27111981094-56;10
108;5764607523034234881 0-56;2097158
108;1152921504606846976 33554432-56;536871940
108;0 68719476736-56;18023194904495122
108;216172782160969728 28311552-56;67108868
108;5764607523034234880 0-56;2251800352653318
108;4611686018427387905 0-56;1099513724934
108;17179869696 0-56;2066
108;144115188110458880 8388608-56;137506062340
108;72057594080919552 18874368-56;67108870
108;33554432 8388608-56;140874994417668
108;33554432 10485760-56;140737555464196
108;33554432 2097152-56;140737555464198
108;67108992 268435456-56;140737555464266
108;2305843009226276864 0-56;549755813892
108;288230376151711745 138412032-56;134217734
108;17179869184 0-56;2252901473323026
108;512 0-56;4512396005607442
108;288230376151711745 0-56;1099645845510
108;0 268435456-56;140806275006538
108;288230376151711744 134217728-56;562950087639046
108;288230376153808896 134217728-56;562949953421316
108;8796093023232 1099511627776-56;262162
108;4899916394579099649 0-56;1099511627782
108;67108992 0-56;140874994548810
108;33554432 6291456-56;140737488355334
108;14629732388 21474836519-56;136
108;8796093023232 0-56;281474976972818
108;9126805508 17179869222-56;138
108;140737488356352 1374389534784-56;134217746
108;78831204209070208 4673346043904-56;66
108;1024 274877906944-56;137573171218
108;0 1374389534720-56;140737622573074
108;8796093022720 68719479296-56;268435474
108;512 68719476736-56;8796361457682
108;9126805508 4-56;131210
108;618475295744 274877906944-56;137438953490
108;140754668224512 64-56;1099511627794
108;549755817984 1374389534720-56;140737488355346
108;9126805504 4-56;134348938
108;17179869184 2048-56;2251799813685266
108;14495514628 5-56;131208
108;712485690671105 8590197312-56;258
108;536870912 0-56;563087526723722
108;0 4-56;563224965677194
108;74327054757724160 4398333886464-56;67174466
108;8589934592 0-56;70918634340490
108;536870912 4-56;562950087770250
108;4 0-56;281543964754058
108;0 32-56;563018807378058
108;14495514624 4-56;134348936
108;0 17179869184-56;565149044834442
108;74326986037723136 4398333886464-56;68786651202
108;0 2-56;283674069172362
108;4294967296 4-56;275012255880
108;0 17179869186-56;2199090364554
108;74326986037723136 4398063353856-56;70437530828866
108;9663676416 0-56;549890162824
108;0 270532608-56;140806275006530
108;9126805504 36-56;134217866
108;68720001024 0-56;70506250305602
108;4 1-56;268566664
108;74327054757724160 4398063353856-56;70368811352130
108;2147483648 262144-56;268566786
108;536870912 36-56;562950087639178
108;4504149451346048 275012157440-56;131138
108;536870912 1-56;563087392505992
108;4 32-56;68719476874
108;703687441776640 8589935104-56;1048834
108;5368709124 0-56;281474976841864
108;536870912 5-56;562949953552520
108;4 2-56;281474976710794
108;536870912 17179869220-56;562949953421450
108;0 21474836480-56;1048712
108;4504149451346048 32768-56;67240002
108;2147483648 8589934592-56;268435722
108;703687441776640 0-56;564049600315650
108;14629732352 36-56;134217864
108;0 8589935104-56;269484290
108;549823975552 32768-56;137506193474
108;703687441776640 512-56;562949954470146
108;2147483648 0-56;281612684230922
108;1 64-56;1099647942914
108;1048576 32768-56;70506250371138
108;134217728 32-56;68853694600
108;549822926976 0-56;140874994548802
108;0 8589934592-56;1128099199582474
108;36 4294967297-56;268435592
108;4503599628419072 32768-56;70368811417666
108;703687441776641 64-56;1099645845762
108;0 275012124672-56;134348866
108;0 1073741824-56;4504700216934922
108;134217732 32-56;68719476872
108;4503599627370496 134217728-56;68719607874
108;703687441776640 64-56;564049599267074
108;8798240505856 8590197248-56;268435714
108;549823975552 274877939712-56;137439084610
108;4294967328 4-56;274877907080
108;16 0-56;9009399355933706
108;549822926976 274877906944-56;140874927439938
108;8796093022208 262144-56;275146342658
108;9663676416 4294967296-56;549755814024
108;78831204209070208 4398333919232-56;67108930
108;8798240505856 0-56;281475245146370
108;8388608 512-56;549755814146
108;5368709124 2-56;281474976710792
108;11341398148 4-56;131082
108;8798248894464 0-56;281474976710914
108;703687441776640 576-56;562949953421570
108;536870912 17179869221-56;562949953421448
108;1 8589934592-56;1125899906842882
108;8796093023232 1099511627808-56;262146
108;78830585665093632 4398333886464-56;68786585666
108;16710107332 536870917-56;131080
108;2147483652 0-56;281475245277194
108;78830585665093632 4398063353856-56;70437530763330
108;2751463552 0-56;137439084554
108;618543976576 32768-56;137506062402
108;0 25769803776-56;2199024304138
108;68721049600 32768-56;70506250240066
108;78832303762641024 4415513796610-56;67108866
108;78830654386143232 4398063386624-56;70368811286594
108;549822926976 270532608-56;140737555464258
108;16 1073741824-56;1077936138
108;78830585665093632 4398468104192-56;68719476802
108;14495514688 536870916-56;134348808
108;618543976576 274877939712-56;137438953538
108;67108992 17448304642-56;67108874
108;549822926976 275148439552-56;140737488355394
108;4294967360 4-56;275012255752
108;2147483652 8589934592-56;268435466
108;1152921504606846992 68719476736-56;1026
108;2147483652 1-56;268566536
108;4 268435488-56;68719476746
108;2147483648 1-56;137707520008
108;2751463552 1-56;137439084552
108;16 25769803778-56;2199023255562
108;1718089158784 32768-56;137506062338
108;7516192772 536870912-56;281474976841736
108;2147483652 2-56;281474976710666
108;14898167872 536870964-56;134217736
108;1168232677376 32768-56;70506250240002
108;18015507181487108 1116691505190-56;130
108;78831753897771008 4398063394816-56;70368811286530
108;288934063593488384 25773998592-56;1048578
108;402653184 32-56;68853694472
108;549856481408 270532608-56;140737555464194
108;536870912 16-56;137573171208
108;8388608 2-56;281475043819522
108;2751463552 17-56;137438953480
108;1720773514368 274877939712-56;137438953474
108;2147483648 16-56;281612415664136
108;7784628228 536870930-56;281474976710664
108;288934063593488384 4194304-56;135266306
108;153931627890944 549755814720-56;272
108;288934063593488384 0-56;564049600315394
108;2147484672 0-56;281612415664130
108;288934063593488384 17179869696-56;562949954469890
108;16 1125281431554-56;2199023255554
108;18023196749988356 77309676032-56;268435458
108;18015507181469700 4-56;131202
108;18014948365963392 1374664523776-56;140737488355330
108;140737488355328 549755814656-56;1048848
108;512 1073741824-56;4503599627370498
108;5476377146882523136 0-56;516
108;1099545182208 0-56;137506193538
108;18023194602504192 262144-56;275146342402
108;140737488355328 549755813888-56;564049600315664
108;8798240505860 0-56;281475245146114
108;18014398509481988 0-56;268566658
108;0 768-56;269484304
108;8598323200 8704-56;549755813890
108;9511602413006487552 4194304-56;1048580
108;140737488355328 549755814400-56;562949954470160
108;1100082053120 0-56;137439084674
108;145135534868480 549755813952-56;134218000
108;18014398509481984 4-56;274878038146
108;512 68723671040-56;8796093022210
108;140737488355328 549755813952-56;564049599267088
108;1108101562368 0-56;70368744308866
108;8796093022464 768-56;268435728
108;288934064130359296 17314087524-56;562949953421314
108;144115188110458882 75497472-56;137438953476
108;18014398543036416 0-56;140737488486530
108;1024 1099511627808-56;134480002
108;2305843009268219906 67108864-56;132
108;8796093022464 256-56;275146342672
108;33554434 8388608-56;140874927308804
108;8796093024512 256-56;274877907216
108;29360128 67108864-56;281474976710660
108;1099545182208 17179877378-56;67108994
108;4398046511104 512-56;549755814160
108;13194139533312 0-56;281474976710928
108;335544512 268435472-56;72
108;33554434 0-56;140874927440004
108;140737488355328 549755814464-56;562949953421584
108;79164837200896 12094627905536-56;262160
108;37748736 0-56;67108996
108;9126822912 1099511627812-56;134217858
108;33554434 67108864-56;137438953604
108;34603010 134217728-56;131076
108;536871936 0-56;137573171330
108;8796093022208 2199023255552-56;268697616
108;17408 0-56;281475110928514
108;268435456 268435472-56;65608
108;1100082054144 0-56;137438953602
108;79164837199872 8796093022208-56;274878169104
108;268435456 268435456-56;68719542344
108;8589934592 8192-56;70918499991682
108;145410412776448 1924145349696-56;134217744
108;2 134217728-56;134348804
108;0 1116691496962-56;2199023255682
108;67109056 0-56;131144
108;34603010 0-56;137439084548
108;1108101562368 8192-56;70368744177794
108;67108992 16-56;137438953544
108;18014398543036416 1099511627776-56;140737488355458
108;17412 2-56;281474976710786
108;288230376168488963 205520896-56;134217732
108;274877907968 274877906944-56;137573171216
108;402653184 268435472-56;65544
108;22519658780299396 275012419588-56;131074
108;0 1099511628800-56;2199157473296
108;2048 1374389534720-56;140737622573072
108;4672924419072 0-56;281475110928400
108;2 4194304-56;140737622573060
108;4398046511104 640-56;549755813904
108;402653184 268435456-56;68719542280
108;4899916394579099649 33554432-56;1099511627780
108;134217728 268435456-56;140806207897608
108;13469017441280 128-56;281474976710672
108;16 3221225472-56;4194312
108;576460752303423489 0-56;1125899906842628
108;2147483656 8589934592-56;264
108;54325770017095680 155648-56;160
108;402653188 268435488-56;68719476744
108;4505248996528256 32768-56;67239938
108;268435460 0-56;281543696187400
108;1649369157760 32768-56;137506193410
108;8 32-56;262152
108;201326720 268435456-56;140737488355336
108;1099512676352 32768-56;70506250371074
108;54044295040073728 0-56;131232
108;549856481408 0-56;140874994548738
108;4504699140046848 32768-56;70368811417602
108;70643622093824 9895604649984-56;144
108;9126805504 275012124676-56;134348802
108;54043195528445952 0-56;140737488486560
108;536870912 274877906944-56;137573302274
108;282574488600576 24576-56;70368811286688
108;2147483684 15032385537-56;268435464
108;536870912 134217732-56;562950087770114
108;18014400656965636 262144-56;268566530
108;4503599627370500 134217728-56;68719607810
108;1099511889920 16384-56;70506250240160
108;0 10737418240-56;1125900175278088
108;4294967392 4-56;274877906952
108;281474976710656 8192-56;70918567100576
108;1652053512320 274877939712-56;137439084546
108;70368744178688 9895604649984-56;262288
108;36028797019013120 131072-56;134217888
108;549856481408 274877906944-56;140874927439874
108;64 10737418240-56;1125899906842632
108;18014398509481984 262148-56;274878038018
108;0 2199023258624-56;528
108;70368744177664 9895604649984-56;140737488617616
108;1099511889920 147456-56;137438953632
108;4504707729981440 32768-56;70368744308738
108;274877907968 1099511627776-56;134217872
108;18014948365963392 274878169088-56;140737488486402
108;18014398509514752 0-56;141012366262432
108;5764607523034234881 66-56;2097154
108;274877907968 0-56;281612549882000
108;36310271995674624 8192-56;549755814048
108;274877916160 0-56;137438953616
108;54043195528478720 131072-56;140737488355488
108;2199023271936 8192-56;524320
108;4611686018427387905 64-56;1099513724930
108;70368744185856 9895604649984-56;140737488355472
108;0 2199023257600-56;4398314947088
108;78830585665093636 4398468104224-56;68719476738
108;2199023271936 0-56;281474977234976
108;36009005821952 274877906944-56;131088
108;4415226382592 0-56;524304
108;9008298767155200 180224-56;137438953504
108;4900620099200761857 1073741888-56;1099511627778
108;14672432985149632 275012157440-56;131136
108;8796093022976 2267742735104-56;268435472
108;4611686035607257088 0-56;2252899325313026
108;78831762487705600 4398063394816-56;70368744177666
108;35734127915008 0-56;67239952
108;0 2199023256064-56;562950221856784
108;14672432985149568 32768-56;67240000
108;0 2304-56;2251800082120720
108;5764607540214104064 2048-56;2251799813685250
108;549755826176 0-56;140874994548752
108;140754668224512 549755813952-56;1099511627792
108;274877906944 274877906944-56;137573302288
108;9007749078716544 32768-56;137506193472
108;824633733120 274877906944-56;137439084560
108;9007199255789568 32768-56;70506250371136
108;9223372036863164417 0-56;260
108;14671883162222592 32768-56;70368811417664
108;64 275012124672-56;134348864
108;549755826176 274877906944-56;140874927439888
108;140737488355328 2748779070016-56;562949953421328
108;5629499534344192 134217728-56;68719607872
108;123798137352192 13331578486912-56;67108880
108;562949953421312 266240-56;288
108;9007749078716544 274877939712-56;137439084608
108;153123040234311808 274886328336-56;137438953536
108;576460752316006400 67108864-56;524292
108;584182665344 274886295552-56;140874927308864
108;562949953421312 4096-56;562950087639328
108;4210720 67117056-56;524416
108;652835041280 0-56;137506062352
108;17171073091960832 122880-56;70368811286560
108;584115564544 0-56;140874994417680
108;70952859742208 8796093022208-56;140737555464208
108;12582912 0-56;282024800157700
108;114349209291008 8796093022464-56;274877906960
108;12582912 67108864-56;281474977234948
108;4194304 8192-56;549823447168
108;9008298767155200 49152-56;70506250240032
108;16384 67108864-56;281475111452800
108;5764607523034234880 33554432-56;536870916
108;18016597532770304 262144-56;274877906976
108;4210688 67108864-56;281474977235072
108;70952859744256 10170482556928-56;140737488355344
108;18014398509514752 262144-56;141012366262304
108;1374960231426 67256321-56;137438953600
108;233114710178467968 4535782310016-56;67108928
108;16888498603360256 98304-56;70368811286624
108;4611686018427387904 33554432-56;1100048498692
108;33562626 131072-56;140874927308928
108;33554434 14680064-56;140737488355332
108;54113564440436738 9895604781056-56;140737488355456
108;17293822569102704640 0-56;2251799813685252
108;9224075724296552448 558345749248-56;1048832
108;79956485572067328 4535773888512-56;68786585664
108;79956485572067328 4535503355904-56;70437530763328
108;14636698789085184 32768-56;70368811417696
108;703687441776640 549755813888-56;564049600315648
108;153123040234311808 8421376-56;137506062400
108;9223372036854775808 8589935360-56;269484288
108;5629499534344192 0-56;70437530894432
108;0 3758096384-56;1099511628296
108;153122456051646464 32768-56;70506250240064
108;9007199254740992 32768-56;70506250371168
108;703687441776640 549755814400-56;562949954470144
108;7881299348094976 65536-56;70437530763360
108;584182665344 8388608-56;140874994417728
108;9223380832947800320 262400-56;274877907200
108;233114125995802624 4535503388672-56;70368811286592
108;9007199255265280 32768-56;70506250240096
108;584182665344 278921216-56;140737555464256
108;584182665344 275156828160-56;140737488355392
108;68680993829158912 294912-56;131104
108;352943270535168 8813272915970-56;67108992
108;2048 262144-56;141012366262528
108;0 3221225472-56;1099515822600
108;703687441776640 549755818560-56;562949953421568
108;2199023255552 2201170741248-56;268435968
108;0 30064771072-56;1048584
108;1099545452544 16384-56;137506062464
108;16 33554432-56;4195328
108;14637798300712960 32768-56;70368811417632
108;281474980904960 8192-56;549822922880
108;74326986440376320 4535773888512-56;68719542272
108;9008298766368768 32768-56;70506250371104
108;54043195528445952 262144-56;140737488486432
108;0 12884901888-56;269484040
108;18016597532737536 262144-56;275146342432
108;134217728 270532608-56;140806207897600
108;70368777740288 8796093022208-56;140737555464320
108;16 1073741832-56;1073741832
108;36029086392385602 275548995588-56;134348800
108;4194304 2-56;281475043819648
108;218442277461753856 4535773888528-56;65600
108;18084771565436960 8796093022212-56;274877907072
108;9663676424 4294967296-56;549755813896
108;275414777858 274877906944-56;137573302272
108;18084767253692416 8796093022208-56;141012366262400
108;280267604996 67108866-56;281474976710784
108;2 274877906944-56;140875061657600
108;36028797018963970 274877906944-56;140737622704128
108;1 4160-56;136315136
108;18049587176538176 262148-56;274878038016
108;218442277193318400 4535773888512-56;67174464
108;53429393166336 4810363371648-56;80
108;536870912 134217733-56;562949953552384
108;70368744210432 9895613169664-56;140737488617472
108;0 4160-56;562950089736448
108;4398046529536 67108864-56;134742016
108;74326986037723136 4535773888512-56;68786651200
108;4398054899720 512-56;549755814144
108;74326986037723136 4535503355904-56;70437530828864
108;4398046527488 67108864-56;281475111452672
108;0 17179869312-56;68157440
108;144115291155595264 0-56;137506127936
108;257 8589934592-56;1125899906842880
108;576460752303423488 1073741824-56;1073742336
108;144115256795856896 0-56;70506250305600
108;218442242833580032 4535503355904-56;70368811352128
108;288934063593488384 566935683584-56;562949954469888
108;2097152 68719476736-56;268436480
108;17695265259520 4535485464576-56;67174480
108;34359738368 270532608-56;140737555529792
108;16 1024-56;2199027449856
108;74326986306158592 4535773888512-56;68719542336
108;144115291155595264 16400-56;137439019008
108;70952960405632 8796371943424-56;140737555464192
108;144115291155595264 16-56;137439019072
108;4311779392 4-56;275012124672
108;18014400656965636 262145-56;268566528
108;17592186044416 4535485464576-56;70437530828880
108;79956485840502784 4535908106240-56;68719476800
108;36028797153216514 1374393860096-56;140737622573056
108;14672991263784960 32768-56;70368744308736
108;103079215104 0-56;137506127952
108;2306194852951655424 9895604781088-56;262272
108;17660905521152 4535485464576-56;70368811352144
108;2305851805308813312 2199023255552-56;268697600
108;35734127906816 274877906944-56;131152
108;9241397430480535840 262400-56;275146342400
108;8796109800448 0-56;281474976972800
108;10995116277760 0-56;281750123053056
108;4398059094016 8192-56;549756338176
108;35734127906816 0-56;67240016
108;16811008 1099511758880-56;134480000
108;4398059094016 0-56;282024733048832
108;256 10737418240-56;1125900175278080
108;288934063593488384 549760008192-56;135266304
108;53429393166336 4535485464704-56;67108944
108;277025391616 67108880-56;281612415664128
108;1024 131072-56;137573433472
108;1 2147483648-56;1126999418470400
108;32768 1099511758848-56;140737622835328
108;288934063593488384 549755813888-56;564049600315392
108;16778240 0-56;281475111190656
108;652835033088 0-56;137506062416
108;263168 131072-56;137439215744
108;137438953472 8589934592-56;1125899907891200
108;153124139779764352 8437760-56;137506062336
108;70368744210432 9895604781056-56;140737488617600
108;584115556352 0-56;140874994417744
108;52845277609984 4535485464576-56;70368811286608
108;2323857407723175972 4294967297-56;268435584
108;652835033088 274877906944-56;137438953552
108;153123555563536384 49152-56;70506250240000
108;584115556352 274877906944-56;140874927308880
108;584216227968 8388608-56;140874994417664
108;18014398509482016 0-56;275146342528
108;282583078535168 24576-56;70368744177792
108;137438953472 68719476736-56;1040
108;12582912 130-56;281475043819520
108;36033204729151488 0-56;549890031616
108;4398054902016 0-56;524544
108;4678578357248 603979792-56;281475110928384
108;2305843009213693952 4294967808-56;550024249344
108;4398054899712 0-56;282024733049088
108;11529215046068469792 4294969600-56;2251800082120704
108;9223380835095281920 8590197504-56;268435712
108;18084767253694464 8796093284352-56;141012366262272
108;140874927308800 549755814784-56;1048592
108;0 17179873280-56;565148976676864
108;9223380832947798272 262400-56;275146342656
108;0 640-56;549756862480
108;927712949248 274877906944-56;137438953488
108;256 8589934592-56;1125900175278336
108;13196295405568 0-56;281474976710912
108;288230376151711744 536871936-56;134218240
108;584115564544 274877906944-56;140874927308816
108;137438953472 2199023257600-56;4398046511120
108;288230376151711744 536870912-56;1099645846016
108;17179869184 2304-56;2251799813685264
108;288230376151711744 2199023255552-56;562949953421824
108;218442277193318400 4535773904896-56;67174400
108;2251799814275072 81920-56;70368811352096
108;524288 16384-56;70506250305568
108;36591746972434432 135168-56;134217760
108;144115291155595264 16384-56;137506127872
108;54043195528478720 393216-56;140737488355360
108;144115256795856896 16384-56;70506250305536
108;218442242833580032 4535503372288-56;70368811352064
108;14673532530339968 32768-56;67239936
108;268435520 275012124688-56;134217792
108;268435456 134217728-56;68853694528
108;9008848623906944 32768-56;137506193408
108;0 274877906960-56;137573171264
108;9008298767417344 32768-56;70506250371072
108;549856489600 0-56;140874994548736
108;54044584447057926 5-56;131200
108;14672982673850368 32768-56;70368811417600
108;9009126186168450 274877939713-56;137439084544
108;549856489602 274877906944-56;140874927439872
108;277025390592 0-56;281612415795200
108;282394099716 536870912-56;281474976841728
108;79164854009856 8796093022208-56;274878169088
108;1099545190400 0-56;137506193536
108;8796109799424 0-56;281749854879744
108;33562624 0-56;140874994548864
108;12582912 8192-56;549823447040
108;36029086392385538 4-56;134348928
108;17179869216 0-56;2251799814209536
108;0 4294967936-56;549756862464
108;275414777858 0-56;137573302400
108;0 3254779904-56;1099515822080
108;36028806682640384 0-56;549890162816
108;0 1107296256-56;4504699143192576
108;18014398509481988 1-56;268566656
108;1374959968258 1-56;137439084672
108;233396700484403200 4535503413248-56;70368811286528
108;275414778882 274945146896-56;137573171200
108;33562626 0-56;140874927440000
108;18014402804449280 4-56;274878038144
108;54043195562008578 0-56;140737488486528
108;2 274878038016-56;140875061526528
108;280246616068 0-56;281474976841856
108;274877907968 67108880-56;281612549881856
108;36029086543430658 1099578867748-56;134217856
108;0 1099511632896-56;2199157473280
108;65 1024-56;1125900041060352
108;2097152 2199023256065-56;562950221856768
108;584216227970 274886426624-56;140874927308800
108;275414778882 67239936-56;137573171328
108;4399132835840 128-56;282024732524544
108;274877907968 67108864-56;281612549881984
108;4311777280 4-56;275012124800
108;36028797153214466 1099511758848-56;140737622573184
108;280263410688 67108864-56;281475110928512
108;2342153290877239296 4294975488-56;549755814016
108;281483566645248 8192-56;70918499991680
108;8796093022216 0-56;262400
108;708085488289793 549755818048-56;134217984
108;703687441776641 549755813952-56;1099645845760
108;703687441776640 549755813952-56;564049599267072
108;703687441776640 549755818048-56;562950087639296
108;0 8589938688-56;2199023255808
108;0 3221226496-56;4194816
108;4899916394579099648 3758096384-56;1099511628288
108;1152921642045800448 33554432-56;536871936
108;1152921642045800448 0-56;4398583383040
108;34493956096 270532608-56;140737488420864
108;5629499534344196 134217728-56;68719607808
108;54043745384935554 274878169088-56;140737488486400
108;263168 8519680-56;137439215616
108;2097152 2199023255584-56;562949953683456
108;6597082365952 67108864-56;281474977234944
108;9223372036854775808 12884902656-56;269484032
108;0 4294967808-56;550025297920
108;0 4098-56;2199025352704
108;281474989293568 8320-56;549822922752
108;12582912 128-56;282024799633408
108;402653184 134217760-56;68853694464
108;288934063593504769 550292684864-56;1099645845504
108;16384 536870912-56;282574622556160
108;288934063593488384 549755813952-56;564049599266816
108;288934064130359296 549890035812-56;562950087639040
108;10997263761412 0-56;281475245146112
108;5764607523034234888 0-56;2251800350556160
108;10999428022272 0-56;281749854617600
108;0 8589935616-56;1128098930098176
