336;18446744073709551615 18446744073709551615 18446744073709551615 18446744073709551615 18446744073709551615 65535-34;0
336;12474653670341655403 6214420769785322711 10204157415774836971 13759591820975650759 6867208348421143246 64695-34;4097
336;69038325764 2900318228746092544 1297326963752435712 74309403515289600 2305843284628504592 768-34;5122
336;281474976710656 9223372036854776320 18577623349198848 17592186044416 256 8-34;5124
336;4818851620617978896 108369121103585280 4620698322787762964 4611699219143606288 9273688025416745984 0-34;4104
336;1152957238734880896 263917219774760 2305983748045317120 1126037888960552 4415243157537 64-34;16
336;4280204134713299886 6852260143800588467 12442939991074363631 4191339836741760462 6016095099811623494 60854-34;4128
336;2251799947913216 9570149745034560 144115190324003072 9547633409049755648 576461027181330560 0-34;5184
336;0 70369079721984 0 4398046511104 0 0-34;5248
336;1 18155273437970432 72127962782105600 549755816480 2155874336 64-34;256
336;14164288139048338512 11566688137646236172 5787560929529079312 4707765880115707921 11854187944560723225 4617-34;4608
336;18428720879107047423 18446568151849107455 18446743523953737727 18446462592282001407 18446744073701163007 65535-34;5120
336;18023194602504192 175921860444160 549755813888 281481427550208 8388608 0-34;2048
336;18446744073709551615 18446603336221196287 18446744073709551615 18446744073709551615 18446744073709551615 65535-34;4096
336;13690890055147568623 9133018568793755647 13686430193386675967 9218582537897490419 4323314900467187710 65471-34;16384
336;6743972660861336925 17775680685625162459 15919582136048212698 7759906371261945558 18079482698961565399 61102-34;262144
336;6762127865847086429 17775645501261463259 15919581036536584922 8049544122297472727 18079623711336347351 61102-34;16777216
336;0 0 0 0 0 0-34;17179869183
336;9516256646800605248 1126449662656516 4503599761588224 22869841891295233 288240276051329032 4097-34;4609
336;2956145223593136938 6203724170913454227 10127525853130479851 4189088020278785478 6002507317918904902 60598-34;4129
336;2251799947913216 9570149208163392 100663296 9547633409049755648 576460752303423616 0-34;5185
336;1 1048576 72127962782105600 549755814400 2147485696 0-34;21761
336;1 1048576 0 549755814400 2147483648 0-34;17061121
336;9516247850707583040 1126449662656516 4503599761588224 22588366914584577 288240276051329032 4097-34;5633
336;1 1048576 0 549755813888 2147483648 0-34;84169985
336;0 0 0 512 0 0-34;285496577
336;0 0 72127962782105600 0 2048 0-34;169891073
336;2251799947913216 9570149208163392 100663296 324261372194979840 576460752303423616 0-34;21569
336;12474636042655021419 6214420769785318615 10199653816147400939 4531434692336924611 1967291949547076302 64695-34;20481
336;9516247849633841216 1126449662656516 134217728 18084767287214081 9895604649992 4097-34;22017
336;134227968 9570149208162368 100663296 36028797020012544 576460752303423616 0-34;17060929
336;134219776 9570149208162368 67108864 36028797020012544 576460752303423616 0-34;84169793
336;8192 0 33554432 0 0 0-34;151278657
336;0 0 0 288230376151711744 0 0-34;151540801
336;2956145223593136938 6203724170913454227 10127525853130479851 4189088020270396870 6002507317918904902 60598-34;5153
336;292735075290710080 1125899906842624 134217728 0 9895604649984 0-34;17061377
336;0 1024 0 0 0 0-34;152065089
336;2251799813685248 0 0 2199023255552 0 0-34;169890881
336;11531616379466153986 4512947632603140 72127962784202785 1171571695757041921 2251809545586688 4113-34;2117633
336;134227968 9570149208163392 100663296 324259173171724288 576460752303423616 0-34;16798785
336;292733975779082304 0 134217728 0 1099511627776 0-34;84170241
336;1099511627776 1125899906842624 0 0 8796093022208 0-34;285496833
336;8192 1024 33554432 288230376151711744 0 0-34;151016513
336;2251799813693440 1024 33554432 288232575174967296 0 0-34;134239297
336;0 0 0 0 8 0-34;168842753
336;0 0 0 9223372036854775808 0 0-34;170005569
336;2251799813685248 0 0 9223374235878031360 0 0-34;169874497
336;9223512774343131136 549755813892 0 18084767287214081 0 4097-34;2119169
336;2251799813693440 1024 33554432 9511604612029743104 0 0-34;134222913
336;11531475641977798658 4512947624214532 72127962784202785 1171571695757041920 2251809545586688 4113-34;35672065
336;8796093022208 0 0 281474985099264 0 0-34;6145
336;140737488355328 0 0 1 0 0-34;153114113
336;9223372036854775808 549755813892 0 18084767287214080 0 4097-34;35673601
336;8796093022208 0 0 8388608 0 0-34;35674113
336;2308094809030000642 4512947624214532 72127962784202785 18650191150194944 2251809545586688 4113-34;169889793
336;9223380832947798016 0 0 1152921504606846976 0 0-34;572542977
336;0 549755813892 0 18084767287214080 0 4097-34;169891329
336;11531634006079045634 4512947632603140 72127962784202785 10394943749791686913 2251809545586688 4113-34;2101249
336;2308235546518355970 4512947632603140 72127962784202785 18650191150194945 2251809545586688 4113-34;136335361
336;11531475641977798690 4512947624214532 72127962784202785 1171571695757041920 74309403583514632 4113-34;33574913
336;9223372036854775808 0 0 0 0 0-34;572544513
336;140737488355328 549755813892 0 18084767287214081 0 4097-34;136336897
336;292875812779065408 1125899906842624 134217728 1 9895604649984 0-34;16799233
336;9223372036854775808 549755813892 0 18084767287214080 8 4097-34;33576449
336;2308094809030000674 4512947624214532 72127962784202785 18650191150194944 74309403583514632 4113-34;167792641
336;0 549755813892 0 18084767287214080 8 4097-34;167794177
336;2308235546518364194 4512947632604164 72127962817757217 306880567302168833 74309403583514632 4113-34;134238209
336;140737488355328 549755813892 0 18084767287214081 8 4097-34;134239745
336;9223380832947798016 0 0 1152921504606846976 1152921504606846976 0-34;536891393
336;0 0 0 4503599627370496 0 0-34;84186625
336;11531493268590690306 4512947624214532 72127962784202785 10394943749791686912 2251809545586688 4113-34;35655681
336;943160401750964553 6209907822161108179 10127524753851570378 3364648071183963847 6504668568685916870 60582-34;16781313
336;1073741824 0 4503599627370496 0 288230380446679040 0-34;136705
336;68769808388 576460752303423488 0 2251809477361664 0 256-34;5154
336;2308112401283153922 4512947624214532 72127962784202785 9242022245184839936 2251809545586688 4113-34;169873409
336;1073741824 0 0 0 4294967296 0-34;1090917889
336;9223380867307536384 0 0 1152921504606846976 0 0-34;572526593
336;2308253138771509250 4512947632603140 72127962784202785 9242022245184839937 2251809545586688 4113-34;136318977
336;2956127596980244778 6203724170913450131 10127525853130414315 4189088003090527682 1390821299491516998 60598-34;21537
336;0 0 4503599627370496 0 288230376151711744 0-34;168433153
336;9223380867307536384 0 0 1152921504606846976 1152921504606846976 0-34;536875009
336;292735076364451904 1125899906842624 134217728 4503599627370496 9899899617280 0-34;17044993
336;268517376 2305843077933187072 1153211775676579840 72057594037927936 2305843009750597648 512-34;5634
336;292733975779082304 0 134217728 4503599627370496 1099511627776 0-34;84153857
336;68769808388 576460752303423488 0 2251800887427072 0 256-34;21538
336;292875813852807232 1125899906842624 134217728 4503599627370497 9899899617280 0-34;16782849
336;9223372036854775808 549755813892 4503599627370496 18084767287214080 288230376151711752 4097-34;33560065
336;16777220 0 0 0 0 0-34;84169762
336;68753031168 576460752303423488 0 2251800887427072 0 256-34;2118690
336;0 549755813892 4503599627370496 18084767287214080 288230376151711752 4097-34;167777793
336;140737488355328 549755813892 4503599627370496 18084767287214081 288230376151711752 4097-34;134223361
336;8796093022208 0 0 281474976710656 0 0-34;6657
336;68719476736 0 0 0 0 0-34;153113634
336;33554432 576460752303423488 0 2251800887427072 0 256-34;35673122
336;268500992 2305843077933170688 1153202979583557632 72057594037927936 2305843009750597648 512-34;22018
336;8796093022208 0 0 0 0 0-34;572545537
336;0 576460752303423488 0 0 0 256-34;169890850
336;0 0 0 281474976710656 0 0-34;1091181057
336;33554432 0 0 2251799813685248 0 0-34;572544034
336;0 0 0 1073741824 0 0-34;8625607714
336;68719476736 576460752303423488 0 0 0 256-34;136336418
336;9516256645726863424 1126449662656516 134217728 18084767287214081 9895604649992 4097-34;20993
336;68736253956 0 0 0 0 0-34;16798754
336;0 0 0 8589934592 0 0-34;1090917410
336;16777220 0 0 8589934592 0 0-34;17044514
336;68736253956 0 0 8589934592 0 0-34;16782370
336;65536 2305843009213693952 1153202979583557632 72057594037927936 2305843009750597648 512-34;17061378
336;9223521570436153344 549755813892 0 18084767287214081 0 4097-34;2118145
336;9223380832947798016 549755813892 0 18084767287214080 0 4097-34;35672577
336;65536 2305843009213693952 1153202979583557632 72057594037927936 2305843009750564880 512-34;285496834
336;9223380832947798016 0 0 0 0 0-34;572543489
336;69038309380 2882303830236594176 1153202979583557632 74309394925355008 2305843284628504592 768-34;21506
336;9223380832947798016 549755813892 0 18084767287214080 8 4097-34;33575425
336;0 0 0 0 32768 0-34;1090803202
336;268435456 68719476736 0 0 0 0-34;2119170
336;1073741824 0 4503599627370496 281474976710656 288230380446679040 0-34;135681
336;268435456 0 0 0 0 0-34;287331842
336;0 68719476736 0 0 0 0-34;169891330
336;0 0 4503599627370496 281474976710656 288230376151711744 0-34;659969
336;650284587763929352 6199211773036660883 10127525853128317130 3035603273652081858 1316511895908004422 60582-34;283681
336;268500992 2305843009213693952 1153202979583557632 72057594037927936 2305843009750597648 512-34;16799234
336;1073741824 0 0 281474976710656 4294967296 0-34;1090654721
336;292875813852807232 1125899906842624 134217728 4785074604081153 9899899617280 0-34;16781825
336;268500992 2305843009213693952 1153202979583557632 72057594037927936 2305843009750564880 512-34;285234690
336;9223380832947798016 549755813892 4503599627370496 18084767287214080 288230376151711752 4097-34;33559041
336;0 16384 0 0 0 0-34;169907714
336;1073742336 0 4503599627436032 9223653511831486468 4899916398874066944 0-34;135169
336;16842756 2305843009213693952 1153202979583557632 72057594037927936 2305843009750597648 512-34;17060866
336;16384 0 0 0 0 0-34;1090852354
336;69021466624 576460821022900224 0 2251800887427072 0 256-34;2118658
336;0 0 8796093022208 0 0 0-34;168957442
336;512 0 4503599627436032 281474976710656 288230376151711744 0-34;659457
336;1073741824 0 0 281474976710660 4611686022722355200 0-34;16912385
336;81920 2305843009213693952 1153202979583557632 72057594037927936 2305843009750597648 512-34;17044994
336;68987912192 0 0 0 0 0-34;18895874
336;11531493268590690850 4512947624214532 76631562411638817 10394943749791686912 362539779735226376 4113-34;33558529
336;16384 0 0 0 32768 0-34;1090786818
336;33554432 576460821022900224 0 2251800887427072 0 256-34;35673090
336;268435456 68719493120 0 0 0 0-34;2102786
336;0 0 1099511627776 0 0 0-34;71586849
336;0 576460821022900224 0 0 0 256-34;169890818
336;2308112401283154466 4512947624214532 76631562411638817 9242022245184839936 362539779735226376 4113-34;167776257
336;68719476736 576460821022900224 0 0 0 256-34;136336386
336;69004754948 2305843009213693952 1153202979583557632 72057594037927936 2305843284628504592 512-34;16798722
336;0 68719493120 0 0 0 0-34;169874946
336;0 0 144115188075855872 0 274877906944 0-34;5186
336;68719476736 0 0 0 274877906944 0-34;151016450
336;268517376 2305843009213693952 1153202979583557632 72057594037927936 2305843009750597648 512-34;16782850
336;650284587763929352 6199211773036660883 10127524753616689354 3035603273652081858 1316511895908004422 60582-34;17060897
336;68719476736 576460821022900224 0 0 274877906944 256-34;134239234
336;0 68719493120 8796093022208 0 0 0-34;167777794
336;16859140 2305843009213693952 1153202979583557632 72057602627862528 2305843009750597648 512-34;17044482
336;0 0 0 0 274877906944 0-34;152065090
336;0 0 8796093022208 8589934592 0 0-34;136194
336;0 0 144115188075855872 0 0 0-34;572560450
336;0 16384 144115188075855872 0 0 0-34;35689474
336;16384 0 0 8589934592 32768 0-34;1090786306
336;69004771332 2305843009213693952 1153202979583557632 72057602627862528 2305843284628504592 512-34;16782338
336;33554432 594475219532398592 144123984168878080 2251800887427072 0 256-34;33559554
336;0 0 8796093022208 0 274877906944 0-34;135271426
336;0 594475219532398592 8796093022208 0 0 256-34;167777282
336;281474976710656 9223372036854776320 18014398517870592 17592186044416 256 8-34;5636
336;68719476736 594475219532398592 8796093022208 0 274877906944 256-34;134222850
336;281474976710656 512 18577348471291904 17592186044416 256 8-34;21508
336;0 9223372036854775808 274877906944 0 0 0-34;136196
336;0 268435456 0 4398046511104 0 0-34;33559688
336;0 0 562949953421312 0 256 0-34;35673092
336;650284587763929352 6199211773036660883 10127524719256950986 3035603273652016322 163590391301157446 60582-34;84169761
336;0 536870912 2147483904 0 0 0-34;5192
336;281474976710656 512 18014398517870592 17592186044416 256 8-34;22020
336;0 0 34359738368 65536 0 0-34;285496353
336;0 0 0 0 1152921504606846976 0-34;553931809
336;0 268435456 0 0 0 0-34;168318088
336;650284587763929352 6199211773036660883 10127525818768578762 3035603273652016322 163590391301157446 60582-34;67392545
336;0 0 0 4398046511104 0 0-34;572658824
336;32 0 0 0 72057594037927936 0-34;168317985
336;281474976710656 512 18014398517870592 17592186044416 0 8-34;17061380
336;18014398509481984 0 549755813888 6442450944 8388608 0-34;6152
336;0 0 0 262144 0 0-34;152065057
336;0 0 256 0 0 0-34;169907272
336;0 0 0 17592186044416 0 0-34;84170244
336;18014398509481984 0 0 0 8388608 0-34;2164791304
336;281474976710656 512 18014398517870592 0 0 8-34;285496836
336;0 536870912 2147483648 0 0 0-34;136264
336;2305843009216315394 4512397876789248 2097185 1153484729438183680 2251809545584640 16-34;2118689
336;18014398509481984 0 549755813888 4294967296 8388608 0-34;2164267016
336;0 0 0 0 256 0-34;169891332
336;0 536870912 0 0 0 0-34;1090917448
336;18014398509481984 268435456 137438953472 0 140737496891392 0-34;528392
336;0 9223372036854775808 0 0 0 0-34;1090917892
336;0 0 2147483648 0 0 0-34;170005576
336;18014398509481984 0 0 0 140737496875008 0-34;17305608
336;0 0 2147483904 0 0 0-34;169874504
336;0 8388608 0 0 0 0-34;153113633
336;2305843009216315394 4512397868400640 2097185 1153484729438183680 2251809545584640 16-34;35673121
336;281474976710656 9223372036854776320 18014398517870592 17592186044416 0 8-34;17044996
336;1152922054362792064 17626545782816 2305843009483177984 543162376 4415243157504 0-34;5168
336;4800837222108496912 108369121103585280 4620697773031949076 4611699212701155344 9273688025408357376 0-34;5128
336;171136787987562496 72057594037927936 9007903629377540 6442450944 13583366649561088 0-34;4136
336;2305843009216315394 4512397868400640 2097185 563224831336704 2251809545584640 16-34;169890849
336;0 0 0 1152921504606846976 0 0-34;572544033
336;2305843009216315394 4512397876789248 2097185 563224831336704 2251809545584640 16-34;136336417
336;650284587763929352 6199211773045049491 10127524753616689354 3035603273652344002 1316511895908004422 60582-34;16798753
336;0 8388608 0 262144 0 0-34;151016481
336;2305843009216315426 4512397868400640 2097185 1153484729438183680 74309403583512576 16-34;33575969
336;2305843009216315426 4512397868400640 2097185 563224831336704 74309403583512576 16-34;167793697
336;153122389478080512 72057594037927936 9007353873563652 0 13583366649561088 0-34;5160
336;2305843009216315426 4512397876789248 2097185 563224831598848 74309403583512576 16-34;134239265
336;1152922054362792064 17626545782816 2305843009483177984 6291456 4415226380288 0-34;21552
336;0 0 0 1152921504606846976 1152921504606846976 0-34;536892449
336;34359738368 4096 0 17179869184 0 0-34;37921
336;45036015605253120 36030051552067584 9011752457077268 4611694814654627856 50175251065226240 0-34;21512
336;0 4096 0 0 0 0-34;84186145
336;1152921504606846976 0 0 4194304 0 0-34;285496368
336;34359738368 0 0 17179869184 0 0-34;35689505
336;9007201402224640 0 9007353873563652 0 13583366649561088 0-34;21544
336;0 0 268435456 0 0 0-34;570971184
336;0 0 0 17179869184 0 0-34;169907233
336;0 0 0 2097152 0 0-34;571495472
336;34359738368 0 0 0 0 0-34;572560417
336;549755945088 17626545782816 2305843009214742528 0 4415226380288 0-34;35673136
336;36028814198834176 36030051283632128 9011597838254608 4611694814654627856 45599083670275072 0-34;17060872
336;17592253153280 0 0 0 0 0-34;169940001
336;549755813888 32 2305843009213693952 0 0 0-34;169890864
336;0 0 9007199254740992 0 9007199254740992 0-34;84169768
336;512 0 65536 4 4611686018427387904 0-34;136225
336;131200 17626545782784 1048576 0 4415226380288 0-34;572544048
336;0 137438953472 9007199254740992 0 9007199254740992 0-34;84169736
336;549755945088 17626545782816 2305843009483177984 2097152 4415226380288 0-34;33575984
336;0 268435456 137438953472 0 147456 0-34;545800
336;131200 17626545782784 269484032 2097152 4415226380288 0-34;570446896
336;0 0 137438953472 0 16384 0-34;34100264
336;0 0 0 8 0 0-34;572560432
336;0 268435456 137438953472 0 16384 0-34;34100232
336;0 0 0 4 4611686018427387904 0-34;84284449
336;0 0 0 536870912 0 0-34;572593200
336;0 0 137438953472 0 0 0-34;168317992
336;0 268435456 137438953472 0 0 0-34;168317960
336;512 0 65536 0 0 0-34;168432673
336;0 0 0 0 16777216 0-34;572658736
336;0 0 0 0 16384 0-34;570971176
336;9007201406418944 0 17179869188 0 4576167394803712 0-34;35673096
336;549755945088 17626545782816 2305843009214742528 536870920 4415243157504 0-34;35656752
336;9007201402224640 0 17179869188 0 4576167394803712 0-34;35673128
336;650284587763929352 6199211773036664979 10127525853128317130 3035603273652081862 5928197914335392326 60582-34;267297
336;36028814198834176 36030051283632128 9011597838254608 4611694814654627856 45599083670406144 0-34;16798728
336;131200 17626545782784 1048576 536870920 4415243157504 0-34;572527664
336;549755945088 17626545782816 2305843009483177984 538968072 4415243157504 0-34;33559600
336;9007201406418944 268435456 154618822660 0 4576167394820096 0-34;33575944
336;2147483648 0 17179869184 0 72567767433216 0-34;169890856
336;9007199254740992 0 4 0 4503599627370496 0-34;572544040
336;9007201402224640 0 154618822660 0 4576167394820096 0-34;33575976
336;131200 17626545782784 269484032 538968072 4415243157504 0-34;570430512
336;2147483648 268435456 154618822656 0 72567767433216 0-34;167793672
336;35184372088832 35184374218760 140738562139136 1126037345796096 1 0-34;4624
336;16 0 256 0 0 0-34;37896
336;2147483648 0 154618822656 0 72567767433216 0-34;167793704
336;9007199254740992 0 4 0 4503599627386880 0-34;570446888
336;0 72057594037927936 0 0 0 0-34;572593192
336;4755801206503243776 281475513589760 4611686020574871552 4398046527488 9223512774343131136 0-34;136200
336;144115188075855872 0 0 0 0 0-34;170005544
336;153122389478080512 72057594037927936 17179869188 0 4576167394803712 0-34;35656744
336;35184372088832 2129928 140738562139136 1126037345796096 1 0-34;5648
336;4611686018427387904 281475513589760 4611686018427387904 16384 9223372036854775808 0-34;1090917384
336;144115190223339520 0 17179869184 0 72567767433216 0-34;169874472
336;144115188075855872 0 2147483648 4398046511104 0 0-34;35787784
336;9007199254740992 72057594037927936 4 0 4503599627370496 0-34;572527656
336;153122389478080512 72057594037927936 154618822660 0 4576167394820096 0-34;33559592
336;650284587763929352 6199211773036664979 10127524753616689354 3035603273652081862 5928197914335392326 60582-34;17044513
336;144115188075855872 0 2147483648 0 0 0-34;170005512
336;4611686018427387904 281475513589760 4611686018427387904 16384 9223512774343131136 0-34;1090655240
336;144115190223339520 0 154618822656 0 72567767433216 0-34;167777320
336;4647714832626222096 36311526797221888 4620697616265642512 4611694814654644240 9268971120525050880 0-34;17044488
336;0 2129928 140737488356352 1126037345796096 0 0-34;22032
336;9007199254740992 72057594037927936 4 0 4503599627386880 0-34;570430504
336;18014398509481984 0 549755813888 6442450944 0 0-34;22568
336;0 268435456 137438953472 0 140737488502784 0-34;529416
336;153122389482274816 72057594037927936 19327353092 4398046511104 4576167394803712 0-34;35656712
336;144115190223339520 0 19327353088 0 72567767433216 0-34;169874440
336;650284587763929352 6199211773036664979 10127524719256950986 3035603273652016326 4775276409728545350 60582-34;84153377
336;9007199254740992 72057594037927936 4 4398046511104 4503599627370496 0-34;572527624
336;0 0 549755813888 4294967296 0 0-34;2164545576
336;650284587763929352 6199211773036664979 10127525818768578762 3035603273652016326 4775276409728545350 60582-34;67376161
336;4647714832626222096 36311526797221888 4620697616265642512 4611694814654644240 9269111858013537280 0-34;16782344
336;544 0 65536 0 72057594037927936 0-34;168301601
336;0 2129928 140737488355328 137438953472 0 0-34;17061392
336;153122389482274816 72057594306363392 156766306564 4398046511104 4576167394820096 0-34;33559560
336;18014398509481984 0 0 0 0 0-34;2164807720
336;2305860635829207042 4512397876789248 2097185 1153484746618052864 2251809545584640 16-34;2102305
336;0 0 0 2147483648 0 0-34;4330641448
336;144115190223339520 268435456 156766306560 0 72567767433216 0-34;167777288
336;18014398509481984 0 549755813888 4294967296 0 0-34;2164283432
336;0 2129928 0 137438953472 0 0-34;285496848
336;9007199254740992 72057594037927936 4 4398046511104 4503599627386880 0-34;570430472
336;0 0 140737488355328 0 0 0-34;1090803216
336;27021599911706624 0 9007903629377540 6442450944 13583366649561088 0-34;20520
336;0 0 1024 1125899906842624 0 0-34;2119184
336;4647714832626222096 36311526797221888 4620698166021456400 4611694818949611536 9268971120525050880 0-34;17043464
336;0 0 0 1125899906842624 0 0-34;287331856
336;2305860635829207042 4512397868400640 2097185 1153484746618052864 2251809545584640 16-34;35656737
336;153122389482274816 72057594306363392 156766306564 4400193994752 4576167394820096 0-34;33558536
336;0 140737488486400 0 2080 32 64-34;272
336;0 0 1024 0 0 0-34;572544528
336;0 2129928 140737488355328 1126037345796096 0 0-34;16799248
336;2305860601469468674 4512397868400640 2097185 563242011205888 2251809545584640 16-34;169874465
336;0 0 9007749010554880 4294967296 9007199254740992 0-34;17059880
336;34359738368 0 0 1152921504606846976 0 0-34;572527649
336;2305860601469468674 4512397876789248 2097185 563242011205888 2251809545584640 16-34;136320033
336;650284587763929352 6199211773045053587 10127524753616689354 3035603273652344006 5928197914335392326 60582-34;16782369
336;0 131072 0 2080 32 64-34;33559824
336;18014398509481984 0 137438953472 0 16384 0-34;544808
336;2305860635829207586 4512397868400640 2162721 1153484746618052864 74309403583512576 16-34;33559585
336;0 2129928 0 1126037345796096 0 0-34;285234704
336;9007201402224640 0 17179869188 2147483648 4576167394803712 0-34;35672104
336;18014398509481984 0 9007749010554880 4294967296 9007199254740992 0-34;16797736
336;2305860601469469218 4512397868400640 2162721 563242011205888 74309403583512576 16-34;167777313
336;35184372088832 0 1073782784 0 1 0-34;136720
336;2305860601469469218 4512397876789248 2162721 563242011468032 74309403583512576 16-34;134222881
336;9007201402224640 0 154618822660 2147483648 4576167394820096 0-34;33574952
336;34359738368 0 0 1152921504606846976 1152921504606846976 0-34;536876065
336;153122389478080512 72057594037927936 17179869188 2147483648 4576167394803712 0-34;35655720
336;0 0 0 8388608 0 0-34;169891873
336;153122389478080512 72057594037927936 154618822660 2147483648 4576167394820096 0-34;33558568
336;35184372088832 0 1073774592 0 1 0-34;1090917904
336;2956127596980244778 6203724170913450131 10127525853130414315 4189088003098916290 1390821299491516998 60598-34;20513
336;0 131072 0 32 32 0-34;33576208
336;4647714832630416400 36311388821397504 4611690417010901520 4611694814654644240 9260104658758796288 0-34;5640
336;0 0 8192 0 0 0-34;168433168
336;35184372088832 2129928 140738562129920 137438953472 1 0-34;17045008
336;35184372088832 0 140738562129920 0 1 0-34;1090786832
336;0 131072 0 0 0 0-34;570971408
336;35184372088832 2129928 140738562129920 1126037345796096 1 0-34;16782864
336;2305843009216315394 4512397876789248 2097185 1153484729446572288 2251809545584640 16-34;2117665
336;0 0 0 32 32 0-34;35673360
336;0 0 9216 0 0 0-34;33560080
336;0 0 0 32 0 0-34;169891088
336;0 35184372088832 0 0 0 0-34;2156157456
336;0 0 0 0 32 0-34;572544272
336;0 131072 0 0 32 0-34;570447120
336;0 35184374218760 140737488356352 1126037345796096 0 0-34;21008
336;2305843009216315394 4512397868400640 2097185 1153484729446572288 2251809545584640 16-34;35672097
336;0 0 0 2048 0 0-34;572560656
336;0 35184374218760 140737488355328 137438953472 0 0-34;283152
336;0 0 0 0 0 64-34;572658960
336;35184372088832 35184374218760 140738562129920 137438953472 1 0-34;266768
336;0 0 0 2080 32 64-34;35656976
336;2305843009216315394 4512397868400640 2097185 563224839725312 2251809545584640 16-34;169889825
336;1152922054362792064 263917219774760 2305983746971534336 1126037352087584 4415226380320 0-34;16400
336;2305843009216315394 4512397876789248 2097185 563224839725312 2251809545584640 16-34;136335393
336;2305843009216315426 4512397868400640 2097185 1153484729446572288 74309403583512576 16-34;33574945
336;0 0 0 2048 32 64-34;572527888
336;36028814203028480 36029913844678656 4398583513616 4611694814654627856 36591884415665152 0-34;268457480
336;0 131072 0 2048 32 64-34;570430736
336;1152921504606846976 246290606751752 140737488355328 137443147776 0 0-34;278544
336;0 140737488355328 0 0 0 0-34;4312033552
336;2305843009216315426 4512397868400640 2097185 563224839725312 74309403583512576 16-34;167792673
336;0 140737488486400 0 32 32 0-34;16656
336;2305843009216315426 4512397876789248 2097185 563224839987456 74309403583512576 16-34;134238241
336;1152921504606846976 211106234662920 140737488355328 137443147776 0 0-34;17055760
336;2305860635829207042 4512397876789248 2097185 1153484746626441472 2251809545584640 16-34;2101281
336;1152921504606846976 211106234662920 140737488355328 1126037349990400 0 0-34;16793616
336;1152957238734880896 123179731419432 2305983748045317120 1126037888960552 4415243157537 64-34;4112
336;18014398509481984 0 549755813888 6450839552 0 0-34;22560
336;2305860635829207042 4512397868400640 2097185 1153484746626441472 2251809545584640 16-34;35655713
336;36028814198834176 36029913844678656 4398583513616 4611694814654627856 36591884415534080 0-34;285496840
336;0 0 0 2155872256 0 0-34;35674144
336;2458983643816263810 653048370763923488 2306405976350130213 1155736550198223112 6832392183545856 272-34;2101280
336;0 0 0 0 131072 0-34;285758984
336;2305860601469468674 4512397868400640 2097185 563242019594496 2251809545584640 16-34;169873441
336;2305860601469468674 4512397876789248 2097185 563242019594496 2251809545584640 16-34;136319009
336;4194304 0 0 0 0 0-34;304109064
336;2305860635829207586 4512397868400640 2162721 1153484746626441472 74309403583512576 16-34;33558561
336;1152922054362792064 123179731419432 2305983746971534336 1126037352087584 4415226380320 0-34;20496
336;36028814198834176 36029913844678656 4398583513616 4611694814654627856 36591884415665152 0-34;285234696
336;16 0 0 0 0 0-34;285513224
336;1152921504606846976 105553118396424 140737488355328 137443147776 0 0-34;282640
336;2305860601469469218 4512397868400640 2162721 563242019594496 74309403583512576 16-34;167776289
336;2305860601469469218 4512397876789248 2162721 563242019856640 74309403583512576 16-34;134221857
336;1152956688978935808 105553118396424 140738562129920 137443147776 1 0-34;266256
336;4611686018427387904 281474976718848 4611686018427387904 16384 9223512774343131136 0-34;1090655752
336;12474644874248633195 6214420769785322711 10204157415774836971 13759310345990551495 6867208348421143246 64695-34;5121
336;4262189736203817902 6852260143800588467 12442939441318549743 4191339830290920910 6016095099811623494 60854-34;5152
336;2458983575096787074 653048370755534880 2306405976350130213 1155736550198223112 6832392183545856 272-34;35655712
336;4611686018427387904 281474976718848 4611686018427387904 16384 9223372036854775808 0-34;1090917896
336;0 0 0 0 140737488355328 0-34;1091180040
336;4647714832626222096 36311388821397504 4611690417010901520 4611694814654644240 9259963921270309888 0-34;17045000
336;2449976341448622082 580973150171824160 2305843026395660321 563242019594496 2324377313017856 272-34;169873440
336;2449976410168098818 580973150180212768 2305843026395660321 563242019594496 2324377313017856 272-34;136319008
336;2251799947913216 9570149208163648 100663296 324261372194979840 576461027181330560 0-34;21568
336;36028814198834192 36029913844678656 4398583513616 4611694814654627856 36591884415534080 0-34;285480456
336;0 0 0 0 140737488486400 0-34;17307144
336;4647714832626222096 36311388821397504 4611690417010901520 4611694814654644240 9260104658758796288 0-34;16782856
336;0 1024 0 0 274877906944 0-34;152065088
336;2251799813685248 256 0 2199023255552 0 0-34;35673152
336;36028814198834192 36029913844678656 4398583513616 4611694814654627856 36591884415665152 0-34;285218312
336;134227968 9570149208163392 100663296 324259173171724288 576461027181330560 0-34;16798784
336;36028814203028496 36029913844678656 4398583513616 4611694814654627856 36591884415665152 0-34;268441096
336;8192 1024 33554432 288230376151711744 274877906944 0-34;151016512
336;4755801206503243776 281475513589760 4611686020574871552 4398046527488 9223512774351519744 0-34;135176
336;2251799813693440 1024 33554432 288232575174967296 274877906944 0-34;134239296
336;2251799813685248 256 144115190223339776 9223374235878031360 0 0-34;35656768
336;2251799813685248 0 2147483904 9223374235878031360 0 0-34;169874496
336;0 0 0 0 140737496743936 0-34;17436680
336;0 256 144115188075855872 0 0 0-34;572527680
336;0 67108864 0 4398046511104 0 0-34;572527744
336;4611686018427387904 281475513589760 4611686018427387904 16384 9223512774351519744 0-34;16912392
336;1 18014535949615104 72127962782105600 549755816480 2155874336 64-34;4352
336;4665729231135704080 36311526797221888 4620698166021456400 4611694818949611536 9269111858021925888 0-34;16781320
336;0 70368811286528 0 0 0 0-34;21648
336;0 0 0 0 8388608 64-34;135424
336;0 131072 0 0 8388608 0-34;528640
336;1 137440002048 0 549755814400 2155872256 0-34;16781568
336;0 70368744177664 0 0 0 0-34;8606995600
336;8796093022208 35184372088832 0 281474976710656 0 0-34;6656
336;0 67108864 0 0 0 0-34;572544144
336;8796093022208 35184372088832 0 0 0 0-34;23040
336;0 175921860444160 0 0 0 0-34;280592
336;0 0 4503599627378688 281474976710656 288371113640198144 0-34;528896
336;1152956688978935808 211106234662920 140738562129920 1126037349990400 1 0-34;16777232
336;1803206092387553548 6199211773036664979 10136533602138872010 3035603286541178054 5937205113590133318 60582-34;266272
336;0 0 0 281474976710656 140737488486400 0-34;17306112
336;13672866860545064431 9132842646933311487 13686429643630862079 9218582531446650867 4323314900467187710 65471-34;21504
336;1803206092387553548 6199211773036664979 10136532502627244234 3035603286541178054 5937205113590133318 60582-34;17043488
336;4118056921515069870 6780202549762656435 12442939166440577263 4191339803984246210 1404409081367458374 60854-34;21536
336;2458983575096787618 653048370755534880 2306406388935491621 1155736550200320264 78889986221490176 272-34;33558560
336;12474627246561999211 6214420769785318615 10199653816147400939 4531434692328536003 1967291949547076302 64695-34;21505
336;2449976341448622626 580973150171824160 2305843163834679329 563242019594496 74381971350945792 272-34;167776288
336;0 536870912 2147483648 9223372036854775808 0 0-34;136256
336;0 0 2147483648 9223372036854775808 0 0-34;170005568
336;2251799813693440 1024 2181038336 9511604612029743104 274877906944 0-34;134222912
336;1 18014535949615104 72127962782105600 549755816480 2147485728 64-34;5376
336;1 137440133120 72127962782105600 549755814432 2147485728 0-34;21760
336;1 137440002048 0 549755814400 2147483648 0-34;17061120
336;1 137440002048 0 549755813888 2147483648 0-34;84169984
336;0 0 72127962782105600 32 2080 0-34;35673344
336;0 0 72127962782105600 32 2048 0-34;169891072
336;0 131072 72127962782105600 32 2080 0-34;33576192
336;0 18014398509481984 72127962782105600 2080 2080 64-34;35656960
336;0 18014398509481984 72127962782105600 32 2048 0-34;169874688
336;0 18014398509613056 72127962782105600 2080 2080 64-34;33559808
336;1 140874928357376 0 549755814400 2155872256 0-34;16777472
336;4611721203873218560 9223653511831494656 4616198415221563392 281474976727040 9511743154789810177 0-34;135680
336;0 0 4503599627378688 281474976710656 288371113640067072 0-34;659968
336;0 0 0 281474976710656 140737488355328 0-34;1091179008
336;4611721203873218560 9223653511831494656 4611686019501162496 281474976727040 9223512778638098433 0-34;1090654720
336;4940907306096346192 11566652334798840328 5783048533808677392 4689681112828493841 11565957568409011217 520-34;16781824
336;4611721203873234944 9223653511831494656 4611826756989517824 281474976727040 9223512778638131201 0-34;1090523648
336;17592253169664 90071992547409920 0 536870912 0 0-34;70656
336;17592253153280 90071992547409920 0 536870912 0 0-34;35722240
336;1803206092387553548 6199211773036660883 10136533052383058122 3035603273656276162 1325519095162745414 60582-34;283680
336;17592253153280 18014398509481984 0 0 0 0-34;169939968
336;943019663188867401 6209907822152714451 10127525853363198154 3071632620427908802 1892982545963561670 60582-34;283649
336;0 1024 8796093022208 2359296 274877906952 0-34;1053696
336;0 0 8796093022208 2097152 8 0-34;34608128
336;0 1024 8796093022208 262144 274877906952 0-34;135271424
336;2452368947470148130 598988167433438244 2382483524518224161 9530252621328425249 362612622380566792 4369-34;134222848
336;2132251456988101965 8551851251396348635 11307895566791236314 7755402758749656786 4244424639384434390 61102-34;283648
336;18023194602504192 175921860444160 549755813888 6450839552 0 0-34;18432
336;0 175921860444160 549755813888 4294967296 0 0-34;280576
336;0 140737488355328 549755813888 4294967296 0 0-34;17057792
336;18014398509481984 140737488355328 549755813888 4294967296 0 0-34;16795648
336;0 140737488355328 0 2147483648 0 0-34;4294985728
336;6743972660861336925 17775539948136807131 15919582136048212698 7759906371261945558 18079482698961565399 61102-34;266240
336;1803206092387553548 6199211773036660883 10136531952871430346 3035603273656276162 1325519095162745414 60582-34;17060896
336;6743972660861336925 17775504763764718299 15919581036536584922 7759906371261945558 18079482698961565399 61102-34;17043456
336;943019663188867401 6209907822152714451 10127524753851570378 3071632620427908802 1892982545963561670 60582-34;17060865
336;11684616207862465186 671063388075999524 2527161937661338917 10397199951412078888 367120362373204264 4433-34;33558528
336;650284587780706572 6199211773036660883 10136531918511691978 3035603273652016322 172597590555898438 60582-34;84169760
336;1152921504606846976 0 34359738368 4259840 0 0-34;285496352
336;2452228141262307874 598988167425048612 2382483524484669729 9242022245184839968 362612347502659848 4369-34;167776256
336;650284587780706572 6199211773036660883 10136533018023319754 3035603273652016322 172597590555898438 60582-34;67392544
336;2132251456988101965 8551851251396348635 11307894467279608538 7755402758749656786 4244424639384434390 61102-34;17060864
336;9232388066595963008 72075220650950912 144678413176669188 1155177703006013448 4508014870544416 64-34;570429440
336;32 0 137707388928 0 72057594037944320 0-34;34100256
336;2150406661973851469 8551991988893093595 11307895017035422426 8044759039103440595 4244424914262472406 61102-34;16793600
336;943018563677231433 6208781922245871827 10127524719458277578 3071632620427842754 740052245263692486 60582-34;84169729
336;1099511627776 1125899906842624 34359738368 66048 8796093022208 0-34;285496321
336;32 0 137438953472 0 72057594037927936 0-34;168317984
336;0 0 268435456 0 16384 0-34;570971168
336;943018563677231433 6208781922245871827 10127525818969905354 3071632620427842754 740052245263692486 60582-34;67392513
336;0 0 0 2359296 0 0-34;1070112
336;32 0 0 288230376151711744 72057594037927936 0-34;134763521
336;2314850829127516290 580990776725995552 2306405976350130213 1155736530325610752 6832392166768640 272-34;2118688
336;0 1024 0 262144 8 0-34;135287809
336;0 1024 0 262144 0 0-34;152065025
336;11531607583373131778 4512947632603140 72127962784202785 1171571695748653313 2251809545586688 4113-34;2118657
336;943018563694008653 6208782059684825299 10136531918713018570 3071650212613887170 749059444518433478 60582-34;84169728
336;1189232893294085120 2342998822967345672 1171221811044680208 4683752546135769616 2342443690259121168 520-34;285496320
336;943018563694008653 6208782059684825299 10136533018224646346 3071650212613887170 749059444518433478 60582-34;67392512
336;32 268566528 137707388928 288230376151711744 72057594038075392 0-34;545792
336;68719476736 8388608 0 0 0 0-34;153113632
336;140737488355328 8388608 0 1 0 0-34;153113601
336;2314850760408039554 580990776717606944 2306405976350130213 1155736530325610752 6832392166768640 272-34;35673120
336;11531466845884776450 4512947624214532 72127962784202785 1171571695748653312 2251809545586688 4113-34;35673089
336;0 0 0 288230376151711744 131072 0-34;17323008
336;2305843561119612930 580973150171824160 2305843026395660321 563224831336704 2324377313017856 272-34;169890848
336;32 268566528 137707388928 0 72057594037944320 0-34;34100224
336;9007199288426624 17626545782784 562949954469892 1155173304420532224 4508014853750784 0-34;572544032
336;2305843629839089666 580973150180212768 2305843026395660321 563224831336704 2324377313017856 272-34;136336416
336;1803206161107030284 6199211773045049491 10136531952871430346 3035603273656538306 1325519095162745414 60582-34;16798752
336;32 268435456 137438953472 0 72057594037927936 0-34;168317952
336;2308094809030000642 4512947624214532 72127962784202785 18650191141806336 2251809545586688 4113-34;169890817
336;0 131072 268435456 0 16384 0-34;570971136
336;32 268435456 137438953472 288230376151711744 72057594037927936 0-34;134763520
336;9223372036854775808 0 0 1152921504606846976 0 0-34;572544001
336;2308235546518355970 4512947632603140 72127962784202785 18650191141806337 2251809545586688 4113-34;136336385
336;0 1024 0 2359296 274877906952 0-34;1070080
336;68719476736 8388608 0 262144 0 0-34;151016480
336;943160400677222729 6209907822161104083 10127524753851570378 3359862996579882691 1892982545963561670 60582-34;16798721
336;2314850760408039586 580990776717606944 2306406114057519141 1155736530327707904 78889986204712960 272-34;33575968
336;140737488363520 8389632 33554432 288230376151973889 0 0-34;151016449
336;0 1024 0 262144 274877906944 0-34;152065024
336;11531466845884776482 4512947624214532 72127962784202785 1171571695748653312 74309403583514632 4113-34;33575937
336;0 0 0 2097152 8 0-34;34624512
336;2305843561119612962 580973150171824160 2305843163834613793 563224831336704 74381971350945792 272-34;167793696
336;0 1024 0 262144 274877906952 0-34;135287808
336;9007199288426624 17626545782784 562950222905348 1155173304422629376 4508014853767168 0-34;570446880
336;11540615403556962434 580991395268395300 2378533939132236837 1174949396542923041 6832392166770976 4369-34;2118656
336;2305843629839089698 580973150180212768 2305843163834613793 563224831598848 74381971350945792 272-34;134239264
336;2308094809030000674 4512947624214532 72127962784202785 18650191141806336 74309403583514632 4113-34;167793665
336;2308235546518364194 4512947632604164 72127962817757217 306880567293780225 74309403583514632 4113-34;134239233
336;9223372036854775808 0 0 1152921504606846976 1152921504606846976 0-34;536892417
336;34359738368 4096 0 4503616807239680 0 0-34;37889
336;9007199288426624 17626545782784 562950222905348 1155173304422629376 1157429519460614144 0-34;536892448
336;34359738368 4096 0 17179869192 0 0-34;37920
336;0 4096 0 4503599627370496 0 0-34;84186113
336;1073742336 0 4503599627436032 9223372036854775812 4899916398874066944 0-34;136193
336;34359738368 0 0 17179869192 0 0-34;35689504
336;140806476267520 8388608 0 1125899906842625 0 0-34;18895872
336;34359738368 0 0 8 0 0-34;572560416
336;140806207832064 8388608 0 1 0 0-34;153113600
336;11540474597080694914 580991395260006692 2378533939132236837 1173823496636080416 6832392166770976 4369-34;35673088
336;17592253153280 72057594037927936 0 536870912 0 0-34;35722272
336;1073741824 0 0 4 4611686022722355200 0-34;17175553
336;0 72057594037927936 0 536870912 0 0-34;572593184
336;512 0 4503599627436032 0 288230376151711744 0-34;168432641
336;2308095360933298178 580973768647114788 2377970989177765921 18650191141806368 2324377313020160 4369-34;169890816
336;512 0 4503599627436032 9223372036854775808 288230376151711744 0-34;167908353
336;144115188075856384 0 274877972480 8589934596 4611686018444165120 0-34;136224
336;9232379236143202432 17626612891904 562949954470916 1155173304420532224 4508014853750816 0-34;572544000
336;943019664262609225 6209907822152718547 10127525853363198154 3076136220055279302 6504668568685916870 60582-34;267265
336;2308236167141130242 580973768655503396 2377970989177765921 18650191141806369 2324377313020160 4369-34;136336384
336;2132392263464369485 8551851251404738267 11307894467279608538 8044759034808473299 4244424914262472406 61102-34;16798720
336;0 0 0 8589934596 4611686018427387904 0-34;17175584
336;140806207840256 8389632 33554432 288230376151973889 274877906944 0-34;151016448
336;1189232893562520576 2342998822967345672 1171221811044680208 4684878446042612240 2342443690259252240 520-34;285234176
336;512 0 274877972480 0 0 0-34;34214944
336;11540474597080694946 580991395528573220 2378534076839625765 1173823496638177568 78889986204715304 4369-34;33575936
336;144115188075855872 0 0 0 16777216 0-34;35787808
336;144115188075856384 0 274877972480 0 16777216 0-34;33690656
336;2308095360933298210 580973768915550244 2377971126616719393 18650191141806368 74381971350948104 4369-34;167793664
336;9232379236143202432 17626613022976 562950222906372 1155173304422629376 4508014853767200 0-34;570446848
336;144115188075856384 0 65536 0 0 0-34;167908384
336;2308236167141138466 580973768923939876 2377971126650273825 306880567293780257 74382246228855048 4369-34;134239232
336;0 0 274877906944 0 16777216 0-34;570561568
336;1189232893566714880 2342998822967345672 1171221811044680208 4684878446042612240 2342443690259252240 520-34;268456960
336;1803206092387553548 6199211773036664979 10136533052383058122 3035603282246210758 5937205113590133318 60582-34;267296
336;9232379236143202432 17626613022976 562950222906372 1155173304422629376 1157429519460614176 0-34;536892416
336;0 70368744177664 0 1073741824 0 0-34;8589956096
336;943019664262609225 6209907822152718547 10127524753851570378 3076136220055279302 6504668568685916870 60582-34;17044481
336;6743972660861336925 17775504763764718299 15919581586292398810 7759906366966978262 18079482698961565399 61102-34;267264
336;943018563677231433 6208781922245875923 10127524719458277578 3076136220055213254 5351738263691080390 60582-34;84153345
336;943018563677231433 6208781922245875923 10127525818969905354 3076136220055213254 5351738263691080390 60582-34;67376129
336;544 0 4503599627436032 288230376151711744 360287970189639680 0-34;134747137
336;544 0 4503599627436032 0 360287970189639680 0-34;168301569
336;11531625209986023426 4512947632603140 72127962784202785 10394943749783298305 2251809545586688 4113-34;2102273
336;1803206092387553548 6199211773036664979 10136531952871430346 3035603282246210758 5937205113590133318 60582-34;17044512
336;6743972660861336925 17775504763764718299 15919580486780771034 7759906366966978262 18079482698961565399 61102-34;17044480
336;11531484472497668098 4512947624214532 72127962784202785 10394943749783298304 2251809545586688 4113-34;35656705
336;2308112401283153922 4512947624214532 72127962784202785 9242022245176451328 2251809545586688 4113-34;169874433
336;9223372071214514176 0 0 1152921504606846976 0 0-34;572527617
336;650284587780706572 6199211773036664979 10136531918511691978 3035603273652016326 4784283608983286342 60582-34;84153376
336;2308253138771509250 4512947632603140 72127962784202785 9242022245176451329 2251809545586688 4113-34;136320001
336;650284587780706572 6199211773036664979 10136533018023319754 3035603273652016326 4784283608983286342 60582-34;67376160
336;943160401750964553 6209907822161108179 10127524753851570378 3364366596207253191 6504668568685916870 60582-34;16782337
336;544 0 412585361408 0 72057594037944320 0-34;34083872
336;11531484472497668642 4512947624214532 76631562411638817 10394943749783298304 362539779735226376 4113-34;33559553
336;943018563694008653 6208782059684829395 10136531918713018570 3076153812241257670 5360745462945821382 60582-34;84153344
336;544 0 137439019008 0 72057594037927936 0-34;168301600
336;1189232893294085136 2342998822967345672 1171221811044680208 4683752546135769616 2342443690259121168 520-34;285479936
336;0 0 275146342400 0 16384 0-34;570954784
336;4611721203873234944 9223653512368365568 4611826756989517824 8589950976 9223372041149775873 0-34;1090786304
336;943018563694008653 6208782059684829395 10136533018224646346 3076153812241257670 5360745462945821382 60582-34;67376128
336;2458983643816263810 653048370763923488 2306405976350130213 1155736548042350856 6832392183545856 272-34;2102304
336;2308112401283154466 4512947624214532 76631562411638817 9242022245176451328 362539779735226376 4113-34;167777281
336;2308253138771517986 4512947632604164 76631562445193249 9530252621328425217 362539779735226376 4113-34;134222849
336;6744113467337604445 17775504763773107931 15919580486780771034 8049262643025794775 18079623711327958743 61102-34;16782336
336;9223372071214514176 0 0 1152921504606846976 1152921504606846976 0-34;536876033
336;544 0 4503599627436032 288511851128422400 360287970189639680 0-34;528385
336;0 0 0 288511851128422400 0 0-34;17305601
336;2308253138771517986 4512947632604164 76631562445193249 9530252621336813825 362539779735226376 4113-34;134221825
336;1189232893562520592 2342998822967345672 1171221811044680208 4684878446042612240 2342443690259252240 520-34;285217792
336;2458983575096787074 653048370755534880 2306405976350130213 1155736548042350856 6832392183545856 272-34;35656736
336;4611721203873234944 9223653512368365568 4611826756989517824 8589950976 9223512778638131201 0-34;1090524160
336;9232379270502940800 72075220650950912 144678413176669188 1155177703006013448 1157429519477391392 64-34;536876032
336;13690890055147568623 9132877831305400319 13686430193386675967 9218582537897490419 4323314900467187710 65471-34;20480
336;0 18014398509481984 0 0 0 0-34;169940226
336;2449976341448622082 580973150171824160 2305843026395660321 563242011205888 2324377313017856 272-34;169874464
336;9007233648164992 72075220583710720 562949954469892 1155173304957403144 4508014870528000 0-34;572527648
336;2449976410168098818 580973150180212768 2305843026395660321 563242011205888 2324377313017856 272-34;136320032
336;1803206161107030284 6199211773045053587 10136531952871430346 3035603282246472902 5937205113590133318 60582-34;16782368
336;16384 18014398509481984 0 0 0 0-34;70658
336;2458983575096787618 653048370755534880 2306406388935491621 1155736548044448008 78889986221490176 272-34;33559584
336;69021466624 594475219532398592 144115188075855872 2251800887427072 0 256-34;2102274
336;2449976341448622626 580973150171824160 2305843163834679329 563242011205888 74381971350945792 272-34;167777312
336;33554432 594475219532398592 144115188075855872 2251800887427072 0 256-34;35656706
336;9007233648164992 72075220583710720 563225100812292 1155173304959500296 4508014870544384 0-34;570430496
336;2449976410168099362 580973150180212768 2305843163834679329 563242011468032 74381971350945792 272-34;134222880
336;9007233648164992 72075220583710720 563225100812292 1155173304959500296 1157429519477391360 0-34;536876064
336;18014398509482528 0 412585361408 0 72057594037944320 0-34;528416
336;0 594475219532398592 0 0 0 256-34;169874434
336;33554432 0 144115188075855872 2251799813685248 0 0-34;572527618
336;2449976410168099362 580973150180212768 2305843163834679329 563242019856640 74381971350945792 272-34;134221856
336;68719476736 594475219532398592 0 0 0 256-34;136320002
336;134227968 9570149745033280 100663296 36028797020012544 576460752303423616 0-34;17044544
336;0 70369079721984 0 0 0 0-34;21632
336;0 0 563224831328256 0 0 0-34;570430500
336;0 335544320 0 0 0 0-34;33576064
336;0 140737488355328 0 0 8388608 0-34;16779520
336;0 0 562949953421312 0 0 0-34;572544036
336;14164279342955316304 11566652953274147340 5787560929529079312 4707484405138997265 11854187944560723225 4617-34;5632
336;0 0 274877906944 0 0 0-34;571085860
336;2132251456988101965 8551886435768437467 11307896116547050202 7755402763044624082 4244424639384434390 61102-34;282624
336;0 0 563224831328256 0 256 0-34;33559556
336;0 137438953472 0 0 8388608 0-34;16781576
336;0 137438953472 0 0 0 0-34;84169992
336;0 0 0 0 8388608 0-34;2164922632
336;63050414114735104 36030051552067584 9012302212891156 4611694821097078800 50175251065226240 0-34;20488
336;2132251456988101965 8551851251396348635 11307895017035422426 7755402763044624082 4244424639384434390 61102-34;17059840
336;18014398509482016 268566528 137707388928 288230376151711744 72057594038075392 0-34;544768
336;36028814198834176 36030051283632128 9012147594068496 4611694818949595152 45599083670275072 0-34;17059848
336;18014398509481984 268435456 137438953472 0 147456 0-34;544776
336;9552558139082081344 2342999441442636300 1171362514307515920 4702980805511610385 2342444789770913048 4617-34;22016
336;18014398509481984 0 0 0 131072 0-34;17321992
336;18014398509481984 0 0 288230376151711744 131072 0-34;17321984
336;9007201406418944 0 17179869188 2147483648 4576167394803712 0-34;35672072
336;54043212708316160 36030051283632128 9012147594068496 4611694818949595152 45599083670406144 0-34;16797704
336;11540624199649984642 580991395268395300 2378533939132236837 1174949398698795297 6832392166770976 4369-34;2117632
336;9007201406418944 268435456 154618822660 2147483648 4576167394820096 0-34;33574920
336;153122389482274816 72057594037927936 19327353092 4400193994752 4576167394803712 0-34;35655688
336;0 256 0 0 0 0-34;572544080
336;1152957238734880896 87995359330600 2305983748045317120 1126037888960552 4415243157537 64-34;5136
336;11540483393173717122 580991395260006692 2378533939132236837 1173823498791952672 6832392166770976 4369-34;35672064
336;329045364466320448 2342998822967345672 1171362514307514896 4683770138317553680 2342444789770781712 520-34;17061376
336;2308095360933298178 580973768647114788 2377970989177765921 18650191150194976 2324377313020160 4369-34;169889792
336;292733975779082304 0 134217728 17592186044416 1099511627776 0-34;84170240
336;9232388032236224640 17626612891904 562949954470916 1155173304420532224 4508014853750816 0-34;572542976
336;2308236167141130242 580973768655503396 2377970989177765921 18650191150194977 2324377313020160 4369-34;136335360
336;36311388687238144 2342998822967345672 1171221776684941840 4683752546131509264 2342443690259121168 520-34;285496832
336;1152922054362792064 87995359330600 2305983746971534336 1126037352087584 4415226380320 0-34;21520
336;2150406661973851469 8551851251404738267 11307895017035422426 8044759039103440595 4244424914262472406 61102-34;16797696
336;0 0 140737488355328 0 32768 0-34;1090803200
336;9223512774615760896 618475290628 1024 19210667194056705 256 4097-34;2119168
336;11540483393173717154 580991395528573220 2378534076839625765 1173823498794049824 78889986204715304 4369-34;33574912
336;140737756790784 0 0 1125899906842625 0 0-34;18896384
336;1152921504606846976 70368746307592 140737488355328 137443147776 0 0-34;17060880
336;268435456 0 0 1125899906842624 0 0-34;287331840
336;9223372036858970112 618475290628 1024 18084767287214080 256 4097-34;35673600
336;2308095360933298210 580973768915550244 2377971126616719393 18650191150194976 74381971350948104 4369-34;167792640
336;1152921504606846976 2129928 0 137443147776 0 0-34;285496336
336;0 131072 268435456 0 0 0-34;570971152
336;9232388032236224640 17626613022976 562950222906372 1155173304422629376 4508014853767200 0-34;570445824
336;549755945088 17626612891936 2305843009214743552 1125899906842656 4415226380320 0-34;2118672
336;2308236167141138466 580973768923939876 2377971126650273825 306880567302168865 74382246228855048 4369-34;134238208
336;0 618475290628 0 18084767287214080 256 4097-34;169891328
336;9232388032236224640 17626613022976 562950222906372 1155173304422629376 1157429519460614176 0-34;536891392
336;549755945088 17626612891936 2305843009214743552 32 4415226380320 0-34;35673104
336;9223372036854775808 0 1024 0 0 0-34;572544512
336;11684757014338732162 671063387815821604 2522649129355576613 10398325851316824361 6832392183548192 4433-34;2101248
336;140737488355328 618475290628 0 18084767287214081 256 4097-34;136336896
336;272629760 0 0 1125899906842624 0 0-34;270554624
336;329186102223111232 2342998822967345672 1171362514307514896 4684896038224396305 2342444789770912784 520-34;16799232
336;549755813888 32 2305843009213693952 32 0 0-34;169890832
336;131200 17626612891904 1049600 0 4415226380320 0-34;572544016
336;1152921504606846976 70368746307592 140737488355328 1126037349990400 0 0-34;16798736
336;1152921504606846976 2129928 0 1126037349990400 0 0-34;285234192
336;36311388955673600 2342998822967345672 1171221776684941840 4684878446038351888 2342443690259252240 520-34;285234688
336;549755945088 17626613023008 2305843009483179008 2097184 4415226380320 0-34;33575952
336;9223372036858970112 618475290628 1024 18084767287214080 264 4097-34;33576448
336;0 618475290628 0 18084767287214080 264 4097-34;167794176
336;131200 17626613022976 269485056 2097152 4415226380320 0-34;570446864
336;140737488355328 618475290628 0 18084767287214081 264 4097-34;134239744
336;0 0 0 2056 0 0-34;572560400
336;36311388959867904 2342998822967345672 1171221776684941840 4684878446038351888 2342443690259252240 520-34;268457472
336;11684616207862464642 671063387807432996 2522649129355576613 10397199951409981736 6832392183548192 4433-34;35655680
336;16 16384 0 4503599627370496 0 0-34;38400
336;35184372088832 0 1073782784 0 16777217 64-34;136208
336;16 0 0 4503599627370496 0 0-34;17077760
336;0 0 0 0 16777216 64-34;572658704
336;4611721203873218560 9223653511831494656 4616198415221563392 16384 9511743154789810177 0-34;136704
336;2452228141262307330 598988167156613156 2377970991325249825 9242022245184839968 2324377313020160 4369-34;169873408
336;0 0 8192 0 16777216 64-34;33690640
336;9232388066595963008 72075220650819840 144678138030326788 1155177703003916296 4508014870528032 64-34;572526592
336;2452368947470139394 598988167165001764 2377970991325249825 9242022245184839969 2324377313020160 4369-34;136318976
336;1152956688978935808 70368746307592 140738562129920 137443147776 1 0-34;17044496
336;9232388066595963008 72075220650950912 144678413176669188 1155177703006013448 1157429519477391392 64-34;536875008
336;0 131072 268443648 0 0 0-34;34083856
336;549755945088 17626612891936 2305843009214743552 1125900443715624 4415243157536 64-34;2102288
336;549755945088 17626612891936 2305843009214743552 536873000 4415243157536 64-34;35656720
336;4611721203873218560 9223653511831494656 4611686019501162496 16384 9223372041149743105 0-34;1090917888
336;131200 17626612891904 1049600 536872968 4415243157536 64-34;572527632
336;0 0 4503599627378688 0 288371113640067072 0-34;660992
336;1152956688978935808 70368746307592 140738562129920 1126037349990400 1 0-34;16782352
336;0 0 4503599627378688 0 288230376151711744 0-34;168433152
336;549755945088 17626613023008 2305843009483187200 538970152 4415243157536 64-34;33559568
336;4611721203873218560 9223653511831494656 4611686019501162496 16384 9223512778638098433 0-34;1090655744
336;0 0 4512395720400896 0 288230376151711744 0-34;167908864
336;4940766568339555408 11566652334798840328 5783048533808677392 4688273737944940560 11565816830920524817 520-34;17044992
336;549755813888 32 2305843009213702144 32 0 0-34;167777296
336;131200 17626613022976 269485056 538970120 4415243157536 64-34;570430480
336;1152956688978935808 246290606751752 140738562129920 137443147776 1 0-34;262160
336;1152956688978935808 211106234662920 140738562129920 137443147776 1 0-34;17039376
336;292733975779082304 0 134217728 4521191813414912 1099511627776 0-34;84153856
336;36311388687238160 2342998822967345672 1171221776684941840 4683752546131509264 2342443690259121168 520-34;285480448
336;4611721203873234944 9223653511831494656 4611826756989517824 16384 9223372041149775873 0-34;1090786816
336;0 0 4503599627378688 0 288371113640198144 0-34;529920
336;4136071320024551854 6780202549762656435 12442939716196391151 4191339810435085762 1404409081367458374 60854-34;20512
336;0 0 8796093022208 0 8 0-34;168826368
336;9223512774615760896 618475307012 1024 19210667194056705 256 4097-34;2102784
336;9223372036858970112 618475307012 1024 18084767287214080 256 4097-34;35657216
336;0 618475307012 0 18084767287214080 256 4097-34;169874944
336;140737488355328 618475307012 0 18084767287214081 256 4097-34;136320512
336;4940907306096346192 11566652334798840328 5783048533808677392 4689399637851783185 11565957568409011217 520-34;16782848
336;36311388955673616 2342998822967345672 1171221776684941840 4684878446038351888 2342443690259252240 520-34;285218304
336;4611721203873234944 9223653511831494656 4611826756989517824 16384 9223512778638131201 0-34;1090524672
336;9223372036858970112 618475307012 4512395720401920 18084767287214080 288230376151712008 4097-34;33560064
336;0 618475307012 4512395720400896 18084767287214080 288230376151712008 4097-34;167777792
336;140737488355328 618475307012 4512395720400896 18084767287214081 288230376151712008 4097-34;134223360
336;36311388959867920 2342998822967345672 1171221776684941840 4684878446038351888 2342443690259252240 520-34;268441088
336;4940766568339555408 11566687519170929160 5783048533808677392 4688273737944940560 11565816830920524817 520-34;266752
336;9223380832951992320 618475307012 4512395720401920 18084767287214080 288230376151712008 4097-34;33559040
336;4755836391949074944 9223653512368365568 4616198692247019520 9223376443491237892 14123429173233975297 64-34;136192
336;1803206092387553548 6199211773036660883 10136533602138872010 3035603277951243458 1325519095162745414 60582-34;282656
336;4611721203873218560 9223653512368365568 4611686019501162496 8589950980 13835058059577131009 0-34;17175552
336;4611721203873218560 9223653512368365568 4611686019501162496 8589950976 9223372041149743105 0-34;1090917376
336;512 0 4503874505351168 0 288371113640067072 0-34;660480
336;1803206092387553548 6199211773036660883 10136532502627244234 3035603277951243458 1325519095162745414 60582-34;17059872
336;512 0 4503874505351168 0 288230376151711744 0-34;34214912
336;18014398509482016 0 137707388928 0 72057594037944320 0-34;544800
336;512 0 4503599627444224 0 288230376151711744 0-34;168432640
336;2314850829127516290 580990776725995552 2306405976350130213 1155736532481483008 6832392166768640 272-34;2117664
336;144115188075855872 0 2147483648 9223376434901286912 16777216 64-34;35787776
336;144115188075855872 0 2147483648 9223372036854775808 0 0-34;170005504
336;0 0 0 4398046511104 16777216 64-34;572658688
336;4611721203873218560 9223653512368365568 4611686019501162496 8589950980 13835198797065486337 0-34;16913408
336;4611721203873218560 9223653512368365568 4611686019501162496 8589950976 9223512778638098433 0-34;1090655232
336;2314850760408039554 580990776717606944 2306405976350130213 1155736532481483008 6832392166768640 272-34;35672096
336;144115188075856384 0 4512672745857024 9223376434901286912 288230376168488960 64-34;33690624
336;144115188075856384 0 4512397867950080 9223372036854775808 288230376151711744 0-34;167908352
336;2305843561119612930 580973150171824160 2305843026395660321 563224839725312 2324377313017856 272-34;169889824
336;0 0 274877906944 4398046511104 16777216 64-34;570561536
336;2305843629839089666 580973150180212768 2305843026395660321 563224839725312 2324377313017856 272-34;136335392
336;11684748218245709954 671063387815821604 2522649129355576613 10398325849160952105 6832392183548192 4433-34;2102272
336;1821220559616512268 6199211773045049491 10136532502627244234 3035603277951505602 1325519095162745414 60582-34;16797728
336;2314850760408039586 580990776717606944 2306406114057519141 1155736532483580160 78889986204712960 272-34;33574944
336;2305843561119612962 580973150171824160 2305843163834613793 563224839725312 74381971350945792 272-34;167792672
336;2305843629839089698 580973150180212768 2305843163834613793 563224839987456 74381971350945792 272-34;134238240
336;1821220559616512268 6199211773045053587 10136532502627244234 3035603286541440198 5937205113590133318 60582-34;16781344
336;0 0 144115188075856128 0 0 0-34;35689536
336;11684607411769442434 671063387807432996 2522649129355576613 10397199949254109480 6832392183548192 4433-34;35656704
336;134227968 9570149745034304 100663296 324259173171724288 576461027181330560 0-34;16782400
336;0 335544320 0 4398046511104 0 0-34;33559680
336;1 140874928488448 72127962782105600 549755814432 2147485728 0-34;16640
336;2452228141262307330 598988167156613156 2377970991325249825 9242022245176451360 2324377313020160 4369-34;169874432
336;9232379270502940800 72075220650819840 144678138030326788 1155177703003916296 4508014870528032 64-34;572527616
336;2452368947470139394 598988167165001764 2377970991325249825 9242022245176451361 2324377313020160 4369-34;136320000
336;1 140874928357376 0 549755814400 2147483648 0-34;17056000
336;1189232893566714896 2342998822967345672 1171221811044680208 4684878446042612240 2342443690259252240 520-34;268440576
336;18014398509481984 140737488355328 549755813888 281479271677952 8388608 0-34;16779264
336;9552566935175103552 2343034625814725132 1171362514307515920 4702980805511610385 2342444789770913048 4617-34;20992
336;18014398509482528 268566528 4504012212740096 288511851128422400 360428707686531072 0-34;528384
336;18014398509481984 0 0 288511851128422400 140737496875008 0-34;17305600
336;2452368947470148130 598988167433438244 2382483524518224161 9530252621336813857 362612622380566792 4369-34;134221824
336;6743972660861336925 17775645501253073627 15919581036536584922 7759906371261945558 18079482698961565399 61102-34;17039360
336;329045364466320448 2343034007339434504 1171362514307514896 4683770138317553680 2342444789770781712 520-34;283136
336;9223521570708783104 618475290628 1024 19210667194056705 256 4097-34;2118144
336;9223380832951992320 618475290628 1024 18084767287214080 256 4097-34;35672576
336;9223380832947798016 0 1024 0 0 0-34;572543488
336;9223380832951992320 618475290628 1024 18084767287214080 264 4097-34;33575424
336;9223521570708783104 618475307012 1024 19210667194056705 256 4097-34;2101760
336;9223380832951992320 618475307012 1024 18084767287214080 256 4097-34;35656192
336;34359738384 20480 144115188075856128 4503616807241736 0 0-34;37888
336;16 4096 0 4503599627370496 0 0-34;17077248
336;34359738368 16384 144115188075856128 17179871240 0 0-34;35689472
336;0 16384 256 17179869184 0 0-34;169907200
336;34359738368 0 144115188075855872 2056 0 0-34;572560384
336;544 268566528 4504012212740096 288230376151711744 360428707678142464 0-34;529408
336;0 0 0 288230376151711744 140737488486400 0-34;17306624
336;544 268566528 4504012212740096 0 360287970189656064 0-34;34083840
336;544 268435456 4503737066397696 0 360287970189639680 0-34;168301568
336;0 131072 275146342400 0 16384 0-34;570954752
336;544 268435456 4503737066397696 288230376151711744 360287970189639680 0-34;134747136
336;11684607411769442978 671063388075999524 2527161937661338917 10397199949256206632 367120362373204264 4433-34;33559552
336;2452228141262307874 598988167425048612 2382483524484669729 9242022245176451360 362612347502659848 4369-34;167777280
336;9232379270502940800 72075220650950912 144678413176669188 1155177703006013448 4508014870544416 64-34;570430464
336;18023194602504192 35184372088832 549755813888 281481427550208 8388608 0-34;6144
336;18023194602504192 35184372088832 549755813888 6450839552 0 0-34;22528
336;0 35184372088832 549755813888 4294967296 0 0-34;2147768320
336;8796093022208 0 0 2155872256 0 0-34;35674112
336;18014398509481984 35184372088832 549755813888 4294967296 0 0-34;2147506176
336;0 0 0 281474976710656 8388608 0-34;17438720
336;18014398509481984 0 0 281474976710656 8388608 0-34;17307648
336;18014398509481984 0 549755813888 281479271677952 8388608 0-34;16783360
336;18014398509481984 35184372088832 549755813888 4294967296 8388608 0-34;2147489792
336;4755836391949074944 9223653512368365568 4616198692247019520 9223657918467948548 14123429173242363905 64-34;135168
336;512 0 4503874505351168 281474976710656 288371113648455680 0-34;659456
336;0 0 0 281474976710656 140737496743936 0-34;17436672
336;4611721203873218560 9223653512368365568 4611686019501162496 281483566661636 13835198797073874945 0-34;16912384
336;4611721203873218560 9223653512368365568 4611686019501162496 281483566661632 9223512778638098433 0-34;1090654208
336;6762127865847086429 17775504763773107931 15919581036536584922 8049544122297472727 18079623711336347351 61102-34;16781312
336;4611721203873234944 9223653512368365568 4611826756989517824 281483566661632 9223512778638131201 0-34;1090523136
336;2132251456988101965 8552027173256792795 11307896116547050202 7755402763044624082 4244424639384434390 61102-34;278528
336;2132251456988101965 8551991988884703963 11307895017035422426 7755402763044624082 4244424639384434390 61102-34;17055744
