365;18446744073709551615 18446744073709551615 18446744073709551615 18446744073709551615 18446744073709551615 35184372088831-709;0 0 0 0 0 0 0 0 0 0 0 0
365;0 0 0 0 0 137438953472-709;18446744073694871551 18446744073709551615 18446744073709551615 18446744073709551615 18446744073709551615 18375812379578466303 18446744073709551615 1143492092887039 75153818781745152 18446744073709551608 18446744073709551613 31
365;508 18446739675663040512 18446744073709551615 18446744073709551615 8796093022207 137439870976-709;12297289888768196618 3077459472992091221 9223372039891713108 98384302377183978 0 0 0 0 72057594037927936 0 0 0
365;0 0 0 0 18446603336221196288 137438961663-709;12297078782535838432 3077459472992091221 9223372036855037012 44738794 0 0 8 1125900041125888 562949953421312 5520 4508014853750784 0
365;1 0 0 0 18446603336221196288 1236950589439-709;64 0 0 0 0 0 0 0 0 0 0 0
365;17870283321406128636 18446739675663040639 18446744073709551615 18446744073709551615 18446735277616529407 137456656383-709;12297078782535663616 3077459472992091221 9223372036855037012 44738794 0 0 0 0 0 0 0 0
365;8 32212254720 72057594038452230 1594837286829162500 34359872974 137438953472-709;134217728 0 0 0 65536 0 0 0 0 140737488355328 0 0
365;8 0 72057594038452230 441915782222315524 34359869890 8933531975680-709;805306368 0 0 0 0 0 0 0 0 0 0 0
365;18016623503867912 0 72057594038452230 441915782222315524 34359869890 137438953472-709;15032385536 0 0 0 0 0 0 0 0 0 0 0
365;4096 0 0 0 0 137438953472-709;17592186044416 0 3152 0 0 0 4611686018427387904 0 0 0 0 0
365;17870283321406132732 18446739675663040639 18446744073709551615 18446744073709551615 18446735277616529407 137456656383-709;0 0 3152 0 0 0 0 0 0 0 0 0
365;0 0 0 0 0 412316860416-709;0 0 8804682956800 0 0 0 0 0 0 0 0 0
365;72057594037927936 4 16 0 2147483648 137438953472-709;0 0 9746380306251776 0 87031808 0 0 0 0 2823545860128768 0 0
365;540431955284463104 18446739675663040532 18446744073709551615 18446744073709551615 3221225471 137438953472-709;0 0 9570424086069248 0 2097152 0 0 0 0 562949953421312 0 0
365;114688 0 0 0 0 137438953472-709;0 0 180146733873889280 0 4503599635759104 0 0 0 0 0 0 0
365;510 18446739675663040512 18446744073709551615 18446744073709551615 8796093022207 137441968128-709;0 0 0 98384300453396480 0 0 0 0 0 0 0 0
365;4092 18446741874686295552 18446744073709551615 18446744073709551615 8796093022207 145995333632-709;0 0 0 0 65536 0 0 0 0 140737488355328 0 0
365;4509653417328640 0 0 0 0 171798691840-709;0 0 0 0 90071992547409920 2 0 0 0 0 0 0
365;23643274870784 0 0 0 0 257698037760-709;0 0 0 0 36028797018963968 0 0 0 0 0 0 0
365;131072 2199023255040 0 0 0 137439870976-709;0 0 0 0 9223372036854775808 4294967296 0 0 0 0 0 0
365;4509653417328640 3072 3072 0 0 171798691840-709;0 0 0 0 0 2 0 0 0 0 0 0
365;131072 2199056818176 0 0 0 137438953472-709;0 0 0 0 0 524304 0 0 0 0 0 0
365;3145728 0 0 0 0 137438953472-709;0 0 0 0 0 288604210105155712 0 0 0 0 0 0
365;0 0 0 0 0 137438961664-709;0 0 0 0 0 1536 0 0 0 0 0 0
365;34359738368 256 0 0 0 137438953472-709;0 0 0 0 0 16777216 0 0 0 0 0 0
365;276824064 0 0 0 0 137438953472-709;0 0 0 0 0 67108864 0 0 0 0 0 0
365;262144 0 0 0 0 137438953472-709;0 0 0 0 0 21206401024 0 0 0 0 0 0
365;262144 2199023255040 0 0 0 137438953472-709;0 0 0 0 0 17179869184 0 0 0 0 0 0
365;13476095546359808 0 0 0 0 137438953472-709;0 0 0 0 0 1374389534720 0 0 0 0 0 0
365;7864320 0 0 0 0 137438953472-709;0 0 0 0 0 288604210105155584 0 0 0 0 0 0
365;32439367892992 274877906452 0 0 18446603336221196288 395136999423-709;0 0 0 0 0 4503599627370496 0 0 0 0 0 0
365;4518449510350848 3092 0 0 18446603336221196288 34359746559-709;0 0 0 0 0 18014398509481984 0 0 0 0 0 0
365;7864328 0 72057594038452230 441915782222315524 34359869890 137438953472-709;0 0 0 0 0 288230376151711744 0 0 0 0 0 0
365;8 0 72057594038452230 441915782222315524 34359869890 137707651072-709;0 0 0 0 0 4611686018427387904 18446744073709551584 11 0 0 0 0
365;8 0 360287970190196742 441915782222315524 34359869922 137707651072-709;0 0 0 0 0 0 18446744073709551584 11 0 0 0 0
365;8 3092 360287970190199814 441915782222315524 34359869922 137707651072-709;0 0 0 0 0 0 192 0 0 0 0 0
365;8 576460752303423488 360287970190196742 441915782222315524 34359869922 137707651072-709;0 0 0 0 0 0 1125899906842624 0 0 0 0 0
365;4104 0 360287970190196742 441915782222315524 34359869922 137707651072-709;0 0 0 0 0 0 4611686018427387904 0 0 0 0 0
365;0 144115188075855872 0 0 18446603336221196288 549755822079-709;0 0 0 0 0 0 0 144115188075855872 0 0 0 0
365;0 0 0 0 18446603336221196288 8589942783-709;0 0 0 0 0 0 0 0 17635135721504 0 0 0
365;131072 2199056818176 0 0 18446603336221196288 17592186052607-709;0 0 0 0 0 0 0 0 262144 0 0 0
365;131072 2199023255040 0 0 18446603336221196288 925695-709;0 0 0 0 0 0 0 0 33554432 0 0 0
365;508 18446739675663040574 18446744073709551615 18446744073709551615 17592186044415 16760832-709;0 0 0 0 0 0 0 0 18442240474082181120 7 0 0
365;508 18446739675663040574 18446744073709551615 18446744073709551615 17592186044415 4398063271936-709;0 0 0 0 0 0 0 0 963770320257286144 0 0 0
365;508 18446739675663040574 18446744073709551615 18446744073709551615 18031990695526399 4535502225408-709;0 0 0 0 0 0 0 0 72057594037927936 0 0 0
365;9223372036854776316 18446739675663040574 18446744073709551615 18446744073709551615 1152939096792891391 16760832-709;0 0 0 0 0 0 0 0 9223372036854775808 0 0 0
365;508 18446739675663040574 18446744073709551615 18446744073709551615 4611703610613432319 549772574720-709;0 0 0 0 0 0 0 0 0 2 0 0
365;0 0 0 0 0 2336462209024-709;0 0 0 0 0 0 0 0 0 8388608 0 0
365;1152921504606846976 128 72057594037927942 0 0 144418275328-709;0 0 0 0 0 0 0 0 0 9007199254740992 0 0
365;1152921504606846976 128 72057594037927942 4 0 8523087872-709;0 0 0 0 0 0 0 0 0 0 2 0
365;9 281474976710656 72057594038452230 441915782222315524 18014432869351874 137438953472-709;0 0 0 0 0 0 0 0 0 0 16 0
365;8 144115188075855872 72057594038452230 441915782222315524 4611686052787257794 687194767360-709;0 0 0 0 0 0 0 0 0 0 1024 0
365;9 0 72057594038452230 441915782222315524 34359869890 1236950581248-709;0 0 0 0 0 0 0 0 0 0 32768 0
365;8192 0 0 0 0 137438953472-709;0 0 0 0 0 0 0 0 0 0 18014398509481984 0
365;0 0 0 0 0 0-709;18446744073709551615 18446744073709551615 18446744073709551615 18446744073709551615 18446744073709551615 18446744073709551615 18446744073709551615 18446744073709551615 18446744073709551615 18446744073709551615 18446744073709551615 31
365;8 0 72057594038452230 441915782222315524 34359869890 137438953472-709;12297289923094380554 3077459472992091221 9223372039891713108 98384302377183978 65536 18302628885633695744 18446744073709551584 11 72057594037927936 140737488355328 4294967288 0
365;8 0 72057594038452230 1594837286829162500 34359872974 137438953472-709;12297289888902414346 3077459472992091221 9223372039891713108 98384302377183978 65536 0 0 0 72057594037927936 140737488355328 0 0
365;0 0 0 144115188075855872 524288 137438953472-709;12297289888768196618 7689145775155756373 9232942463981976917 98384313248820202 2162688 0 0 0 72057594037927936 703687441776640 0 0
365;0 0 16 0 2147483648 137438953472-709;12297289888768196618 3077459472992091221 9233118420197964884 98384302377183978 87097344 0 0 0 72057594037927936 2964283348484096 0 0
365;0 0 0 144115188075855872 524288 0-709;12297289888768196618 7689145775155756373 9232942463981976917 98384313248820202 2162688 0 0 0 18442240474082181120 703687441776647 0 0
365;0 0 16 0 2147483648 0-709;12297289888768196618 3077459472992091221 9233118420197964884 98384302377183978 87097344 0 0 0 18442240474082181120 2964283348484103 0 0
365;0 0 0 0 0 137439870976-709;12297289888768196618 3077459472992091221 9223372039891713108 98384302377183978 9223372036854775808 4294967296 0 0 72057594037927936 0 0 0
365;0 0 72057594038452230 1594837286829162500 134606 137438953472-709;12297289888902414346 3077459472992091221 9232942463977782356 98384302377183978 2162688 0 0 0 72057594037927936 703687441776640 0 0
365;8 0 72057594038452230 441915782222315524 34359869890 137439215616-709;12297289888768196618 3077459472992091221 9223372039891713108 98384302377183978 0 4611686018427387904 18446744073709551584 11 72057594037927936 0 0 0
365;0 0 0 0 0 137439215616-709;12297289888768196618 3077459472992091221 9223372039891713108 98384302377183978 9223372036854775808 4611686022722355200 18446744073709551584 31 72057594037927936 11529215046068469760 0 0
365;0 0 0 144115188075855872 0 137438953472-709;12297289923094380554 7689145775155756373 13268167730105941333 98384313248820202 2162688 18302628885633695744 18446744073709551584 31 72057594037927936 703687441907712 4294967288 0
365;8 0 72057594037927942 441915782222315524 34359869890 137439215616-709;12297289888768196618 3077459472992091221 9223372039891713108 98384302377183978 0 4611686018427387904 18446744073709551584 31 72057594037927936 0 0 0
365;0 0 0 0 12 137438953472-709;12297289888902414346 3077459472992091221 9232942463977782356 98384302377183978 2162688 16384 0 0 72057594037927936 703687441776640 0 0
365;0 0 0 0 0 262144-709;12297289888768196618 3077459472992091221 9223372039891713108 98384302377183978 9223372036854775808 4611686022722355200 18446744073709551584 31 18442240474115735552 11529215046068469767 2 0
365;8 0 72057594037927942 441915782222315524 34359869890 262144-709;12297289888768196618 3077459472992091221 9223372039891713108 98384302377183978 0 4611686018427387904 18446744073709551584 31 18442240474082181120 7 0 0
365;0 0 0 0 0 917504-709;12297289888768196618 3077459472992091221 9223372039891713108 98384302377183978 9223372036854775808 4294967296 0 0 18442240474115735552 7 0 0
365;0 0 0 4 0 262144-709;12297289888768196618 3077459472992091221 9223372039891713108 98384302377183978 0 4611686018427387904 18446744073709551584 31 18442240474082181120 11529215046068469767 2 0
365;8 576460752303423488 360287970190196742 441915782222315524 34359869922 137439215616-709;12297289888768196618 3077459472992091221 9223372039891713108 98384302377183978 0 0 1125899906842624 0 72057594037927936 0 0 0
365;0 0 0 144115188075855872 0 0-709;12297289923094380554 7689145775155756373 13268167730105941333 98384313248820202 2162688 18302628885633695744 18446744073709551584 31 18442240474082181120 703687441907719 4294967288 0
365;0 0 0 0 12 0-709;12297289888902414346 3077459472992091221 9232942463977782356 98384302377183978 2162688 16384 0 0 18442240474082181120 703687441776647 0 0
365;0 0 72057594037927942 4 0 262144-709;12297289888768196618 3077459472992091221 9223372039891713108 98384302377183978 0 4611686018427387904 18446744073709551584 31 18442240474082181120 7 2 0
365;0 0 0 4 0 137439215616-709;12297289888768196618 3077459472992091221 9223372039891713108 98384302377183978 0 4611686018427387904 18446744073709551584 31 72057594037927936 11529215046068469760 0 0
365;8 0 72057594038452230 441915782222315524 34359869890 262144-709;12297289888768196618 3077459472992091221 9223372039891713108 98384302377183978 0 4611686018427387904 18446744073709551584 11 18442240474082181120 7 0 0
365;0 0 72057594038452230 1594837286829162500 134606 0-709;12297289888902414346 3077459472992091221 9232942463977782356 98384302377183978 2162688 0 0 0 18442240474082181120 703687441776647 0 0
365;0 0 72057594038452230 441915782222315524 131522 137438953472-709;12297289923094380554 3077459472992091221 9232942463977782356 98384302377183978 2162688 18302628885633695744 18446744073709551584 11 72057594037927936 703687441776640 4294967288 0
365;508 18446739675663040512 18446744073709551615 18446744073709551615 8796093022207 917504-709;12297289888768196618 3077459472992091221 9223372039891713108 98384302377183978 0 0 0 0 18442240474082181120 7 0 0
365;8 0 72057594038452230 1594837286829162500 34359872974 0-709;12297289888902414346 3077459472992091221 9223372039891713108 98384302377183978 65536 0 0 0 18442240474082181120 140737488355335 0 0
365;0 0 0 0 72057594037927936 137438953472-709;12297078782535838432 3077459472992091221 9223372036855037012 44738794 0 0 8 1125900041125888 562949953421312 5520 4508015927492608 0
365;0 18446739675663040532 18446744073709551615 18446744073709551615 3221225471 137438953472-709;12297078782535663616 3077459472992091221 9232942460941106260 44738794 2097152 0 0 0 72057594037927936 562949953421312 0 0
365;8 576460752303423488 360287970190196742 441915782222315524 34359869922 262144-709;12297289888768196618 3077459472992091221 9223372039891713108 98384302377183978 0 0 1125899906842624 0 18442240474082181120 7 0 0
365;508 18446739675663040512 18446744073709551615 18446744073709551615 8796093022207 137438953472-709;12297289888768196618 3077459472992091221 9223372039891713108 98384302377183978 65536 0 0 0 72057594037927936 140737488355328 0 0
365;0 0 0 0 4611686018427387904 137438953472-709;12297078782535838432 3077459472992091221 9223372036855037012 44738794 0 0 8 1125900041125888 562949953421312 5520 4508014853751808 0
365;0 4 16 0 2147483648 137438953472-709;12297078782535663616 3077459472992091221 9233118417161288788 44738794 87031808 0 0 0 72057594037927936 2823545860128768 0 0
365;0 4 0 0 0 0-709;12297078782535663616 3077459472992091221 9233118417161288788 44738794 87031808 22517998136852480 67109056 0 18442240474082181120 2823545860128775 0 0
365;0 0 72057594037927942 441915782222315520 131522 137438953472-709;12297289923094380554 3077459472992091221 13268167730101746772 98384302377183978 2162688 18302628885633695744 18446744073709551584 31 72057594037927936 703687441907712 4294967288 0
365;0 4 0 0 0 137438953472-709;12297078782535663616 3077459472992091221 9233118417161288788 44738794 87031808 0 67109056 0 72057594037927936 2823545860128768 0 0
365;0 4 16 0 2147483648 0-709;12297078782535663616 3077459472992091221 9233118417161288788 44738794 87031808 0 0 0 18442240474082181120 2823545860128775 0 0
365;0 36099165763141652 1104 0 2147483648 137438953472-709;12297078782535663616 3077459472992091221 9232942460941106260 44738794 19922944 0 0 0 72057594037927936 562949953421312 0 0
365;8 20 360287970190199814 441915782222315524 34359869922 137439215616-709;12297078782535663616 3077459472992091221 9223372036855037012 44738794 0 0 192 0 72057594037927936 0 0 0
365;0 0 72057594037927942 441915782222315520 131522 0-709;12297289923094380554 3077459472992091221 13268167730101746772 98384302377183978 2162688 18302628885633695744 18446744073709551584 31 18442240474082181120 703687441907719 4294967288 0
365;0 0 72057594037927936 0 0 0-709;12297289923094380554 3077459472992091221 13268167730101746772 98384302377183978 2162688 18302628885633695744 18446744073709551584 31 18442240474082181120 9710886730203143 4294967290 0
365;0 0 72057594037927942 0 0 0-709;12297289923094380554 3077459472992091221 13268167730101746772 98384302377183978 2162688 18302628885633695744 18446744073709551584 31 18442240474082181120 9710886696648711 4294967290 0
365;0 0 72057594037927936 0 0 137438953472-709;12297289923094380554 3077459472992091221 13268167730101746772 98384302377183978 2162688 18302628885633695744 18446744073709551584 31 72057594037927936 9710886730203136 4294967288 0
365;0 36099165763141648 1088 0 0 137438953472-709;12297078782535663616 3077459472992091221 9232942460941106260 44738794 17592205967360 0 0 0 72057594037927936 562949953421312 0 0
365;0 0 72057594037927942 0 0 137438953472-709;12297289923094380554 3077459472992091221 13268167730101746772 98384302377183978 2162688 18302628885633695744 18446744073709551584 31 72057594037927936 9710886696648704 4294967288 0
365;8 4 360287970190196742 441915782222315524 34359869922 137439215616-709;12297078782535663616 3077459472992091221 9223372036855037012 44738794 0 0 67109056 0 72057594037927936 0 0 0
365;0 0 72057594037927942 441915782222315524 131522 137438953472-709;12297289923094380554 3077459472992091221 9232942463977782356 98384302377183978 2162688 18302628885633695744 18446744073709551584 31 72057594037927936 703687441776640 4294967288 0
365;0 16 0 0 0 0-709;12297078782535663616 3077459472992091221 9232942460941106260 44738794 17592205967360 22517998136852480 192 0 18442240474082181120 562949953421319 0 0
365;8 4 360287970190196742 441915782222315524 34359869922 262144-709;12297078782535663616 3077459472992091221 9223372036855037012 44738794 0 0 67109056 0 18442240474082181120 7 0 0
365;8 20 360287970190199814 441915782222315524 34359869922 262144-709;12297078782535663616 3077459472992091221 9223372036855037012 44738794 0 0 192 0 18442240474082181120 7 0 0
365;8 0 360287970190196742 441915782222315524 34359869922 137438953472-709;12297289888768196618 3077459472992091221 9223372039891713108 98384302377183978 65536 0 18446744073709551584 11 72057594037927936 140737488355328 0 0
365;0 0 72057594037927942 441915782222315524 131522 0-709;12297289923094380554 3077459472992091221 9232942463977782356 98384302377183978 2162688 18302628885633695744 18446744073709551584 31 18442240474082181120 703687441776647 4294967288 0
365;0 16 1024 0 0 137438953472-709;12297078782535663616 3077459472992091221 9232942460941106260 44738794 17592205967360 0 192 0 72057594037927936 562949953421312 0 0
365;0 0 0 0 18446603336221196288 925695-709;12297078782535663616 3077459472992091221 9223372036855037012 44738794 0 0 0 0 33554432 0 0 0
365;0 0 72057594037927936 4 0 0-709;12297289923094380554 3077459472992091221 9232942463977782356 98384302377183978 2162688 18302628885633695744 18446744073709551584 31 18442240474082181120 703687475331079 4294967290 0
365;0 16 1024 0 0 0-709;12297078782535663616 3077459472992091221 9232942460941106260 44738794 17592205967360 0 192 0 18442240474082181120 562949953421319 0 0
365;0 0 0 0 18014398509481984 917504-709;12297078782535663616 3077459472992091221 9223372036855037012 44738794 0 0 0 0 72057594071482368 0 0 0
365;0 0 0 4 0 0-709;12297289923094380554 3077459472992091221 9232942463977782356 98384302377183978 2162688 18302628885633695744 18446744073709551584 31 18442240474082181120 11529918733543800839 4294967290 0
365;0 0 72057594037927942 4 0 0-709;12297289923094380554 3077459472992091221 9232942463977782356 98384302377183978 2162688 18302628885633695744 18446744073709551584 31 18442240474082181120 703687441776647 4294967290 0
365;0 36099165763141648 1088 0 0 0-709;12297078782535663616 3077459472992091221 9232942460941106260 44738794 17592205967360 0 0 0 18442240474082181120 562949953421319 0 0
365;0 0 72057594037927936 4 0 137438953472-709;12297289923094380554 3077459472992091221 9232942463977782356 98384302377183978 2162688 18302628885633695744 18446744073709551584 31 72057594037927936 703687475331072 4294967288 0
365;0 0 0 0 1152921504606846976 917504-709;12297078782535663616 3077459472992091221 9223372036855037012 44738794 0 0 0 0 9223372036888330240 0 0 0
365;0 20 0 0 0 0-709;12297078782535663616 3077459472992091221 9232942460941106260 44738794 19922944 22517998136852480 192 0 18442240474082181120 562949953421319 0 0
365;8 0 360287970189672454 441915782222315524 34359869922 137438953472-709;12297289888768196618 3077459472992091221 9223372039891713108 98384302377183978 65536 0 18446744073709551584 31 72057594037927936 140737488355328 0 0
365;0 0 0 4 0 137438953472-709;12297289923094380554 3077459472992091221 9232942463977782356 98384302377183978 2162688 18302628885633695744 18446744073709551584 31 72057594037927936 11529918733543800832 4294967288 0
365;0 0 0 0 4611686018427387904 917504-709;12297078782535663616 3077459472992091221 9223372036855037012 44738794 0 0 0 0 33554432 2 0 0
365;0 0 72057594038452230 441915782222315524 131522 0-709;12297289923094380554 3077459472992091221 9232942463977782356 98384302377183978 2162688 18302628885633695744 18446744073709551584 11 18442240474082181120 703687441776647 4294967288 0
365;508 18446739675663040574 18446744073709551615 18446744073709551615 4611694814520410111 917504-709;12297078782535663616 3077459472992091221 9223372036855037012 44738794 0 0 0 0 0 2 0 0
365;8 0 72057594037927942 441915782222315520 34359869890 137438953472-709;12297289923094380554 3077459472992091221 13258597306015677524 98384302377183978 65536 18302628885633695744 18446744073709551584 31 72057594037927936 140737488486400 4294967288 0
365;0 20 1024 0 0 137438953472-709;12297078782535663616 3077459472992091221 9232942460941106260 44738794 19922944 0 192 0 72057594037927936 562949953421312 0 0
365;8 144115188075855872 72057594038452230 441915782222315524 4611686052787257794 0-709;12297078782535663616 3077459472992091221 9223372036855037012 44738794 0 0 0 0 0 2 1024 0
365;8 0 360287970189672454 441915782222315524 34359869922 0-709;12297289888768196618 3077459472992091221 9223372039891713108 98384302377183978 65536 0 18446744073709551584 31 18442240474082181120 140737488355335 0 0
365;8 0 72057594038452230 441915782222315524 72057628397797826 137438953472-709;12297078782535663616 3077459472992091221 9223372036855037012 44738794 0 0 0 0 0 0 1073741824 0
365;4096 0 0 0 0 0-709;17592186044416 0 3152 0 0 0 4611686018427387904 0 2886218022912 0 0 0
365;0 20 1024 0 0 0-709;12297078782535663616 3077459472992091221 9232942460941106260 44738794 19922944 0 192 0 18442240474082181120 562949953421319 0 0
365;8 0 360287970190196742 441915782222315524 34359869922 0-709;12297289888768196618 3077459472992091221 9223372039891713108 98384302377183978 65536 0 18446744073709551584 11 18442240474082181120 140737488355335 0 0
365;0 36099165763141652 1104 0 2147483648 0-709;12297078782535663616 3077459472992091221 9232942460941106260 44738794 19922944 0 0 0 18442240474082181120 562949953421319 0 0
365;8 0 360287970190199814 441915782222315524 34359869922 137438953472-709;12297289888768196618 3077459472992091221 9223372039891713108 98384302377183978 65536 0 192 0 72057594037927936 140737488355328 0 0
365;0 20 360287970190199814 441915782222315524 131554 137438953472-709;12297078782535663616 3077459472992091221 9232942460941106260 44738794 2097152 0 192 0 72057594037927936 562949953421312 0 0
365;8 0 0 0 0 137438953472-709;12297289923094380554 3077459472992091221 13258597306015677524 98384542895352554 65536 18302628885633695744 18446744073709551584 31 72057594037927936 140737488486400 4294967288 0
365;3584 18446739675663040512 18446744073709551615 18446744073709551615 3221225471 137438953472-709;0 0 9570424086069248 0 2162688 0 0 0 0 703687441776640 0 0
365;0 4 360287970190196742 441915782222315524 131554 137438953472-709;12297078782535663616 3077459472992091221 9232942460941106260 44738794 2097152 0 67109056 0 72057594037927936 562949953421312 0 0
365;8 0 360287970190199814 441915782222315524 34359869922 0-709;12297289888768196618 3077459472992091221 9223372039891713108 98384302377183978 65536 0 192 0 18442240474082181120 140737488355335 0 0
365;0 2199023255040 0 0 0 137438953472-709;0 0 0 0 9223372036854841344 21474836736 0 0 0 140737488355328 0 0
365;8 0 0 0 0 0-709;12297289923094380554 3077459472992091221 13258597306015677524 98384542895352554 65536 18302628885633695744 18446744073709551584 31 18442240474082181120 140737488486407 4294967288 0
365;8 576460752303423488 360287970190196742 441915782222315524 34359869922 137438953472-709;12297289888768196618 3077459472992091221 9223372039891713108 98384302377183978 65536 0 1125899906842624 0 72057594037927936 140737488355328 0 0
365;0 4 360287970190196742 441915782222315524 131554 0-709;12297078782535663616 3077459472992091221 9232942460941106260 44738794 2097152 0 67109056 0 18442240474082181120 562949953421319 0 0
365;8 0 72057594037927942 441915782222315520 34359869890 0-709;12297289923094380554 3077459472992091221 13258597306015677524 98384302377183978 65536 18302628885633695744 18446744073709551584 31 18442240474082181120 140737488486407 4294967288 0
365;0 20 360287970190199814 441915782222315524 131554 0-709;12297078782535663616 3077459472992091221 9232942460941106260 44738794 2097152 0 192 0 18442240474082181120 562949953421319 0 0
365;8 0 72057594037927942 441915782222315524 34359869890 137438953472-709;12297289923094380554 3077459472992091221 9223372039891713108 98384302377183978 65536 18302628885633695744 18446744073709551584 31 72057594037927936 140737488355328 4294967288 0
365;0 18446739675663040532 18446744073709551615 18446744073709551615 3221225471 0-709;12297078782535663616 3077459472992091221 9232942460941106260 44738794 2097152 0 0 0 18442240474082181120 562949953421319 0 0
365;8 576460752303423488 360287970190196742 441915782222315524 34359869922 0-709;12297289888768196618 3077459472992091221 9223372039891713108 98384302377183978 65536 0 1125899906842624 0 18442240474082181120 140737488355335 0 0
365;0 26388279066624 0 0 18446603336221196288 8191-709;12297078782535663616 3077459472992091221 9223372036855037012 44738794 0 0 0 105553116266496 0 0 0 0
365;0 3072 0 0 0 137438953472-709;0 0 0 0 9223372036854841344 21474836742 192 0 0 140737488355328 0 0
365;508 18446739675663040512 18446744073709551615 18446744073709551615 8796093022207 0-709;12297289888768196618 3077459472992091221 9223372039891713108 98384302377183978 65536 0 0 0 18442240474082181120 140737488355335 0 0
365;0 26388279066624 0 0 18014398509481984 0-709;12297078782535663616 3077459472992091221 9223372036855037012 44738794 0 0 0 105553116266496 72057594037927936 0 0 0
365;8 0 72057594037927942 441915782222315524 34359869890 0-709;12297289923094380554 3077459472992091221 9223372039891713108 98384302377183978 65536 18302628885633695744 18446744073709551584 31 18442240474082181120 140737488355335 4294967288 0
365;0 3072 0 0 0 0-709;0 0 0 0 9223372036854841344 22518019611689222 192 0 33554432 140737488355328 0 0
365;0 26388279066624 0 0 1152921504606846976 0-709;12297078782535663616 3077459472992091221 9223372036855037012 44738794 0 0 0 105553116266496 9223372036854775808 0 0 0
365;8 0 72057594038452230 441915782222315524 34359869890 0-709;12297289923094380554 3077459472992091221 9223372039891713108 98384302377183978 65536 18302628885633695744 18446744073709551584 11 18442240474082181120 140737488355335 4294967288 0
365;0 26388279066624 0 0 4611686018427387904 0-709;12297078782535663616 3077459472992091221 9223372036855037012 44738794 0 0 0 105553116266496 0 2 0 0
365;0 18446739675663040512 18446744073709551615 18446744073709551615 3221225471 137438953472-709;12297289888768196618 3077459472992091221 9232942463977782356 98384302377183978 2162688 0 0 0 72057594037927936 703687441776640 0 0
365;0 33562624 0 0 0 137438953472-709;0 0 0 0 9223372036854841344 21475361040 0 0 0 140737488355328 0 0
365;508 18446739675663040574 18446744073709551615 18446744073709551615 8796093022207 917504-709;12297078782535663616 3077459472992091221 9223372036855037012 44738794 0 0 0 0 18442240474082181120 7 0 0
365;8 0 72057595136966662 441915782222315520 34359869890 0-709;12297289888768196618 3077459472992091221 9223372039891713108 98384302377183978 65536 0 0 0 18442240474082181120 140737488486407 0 0
365;1152921504606846976 0 72057594037927942 0 0 137438953472-709;12297078782535663616 3077459472992091221 9223372036855037012 44738794 0 0 0 0 0 9007199254740992 0 0
365;128 0 72132360828616704 11529215046068470020 2886218022912 0-709;12297289888768196618 3077459472992091221 9223372039891713108 98384302377183978 65536 0 0 0 18442240474082181120 140737521909767 0 0
365;1152921504606846976 0 72057594037927942 0 0 0-709;12297078782535663616 3077459472992091221 9223372036855037012 44738794 0 0 0 0 0 9007199254740992 2 0
365;0 33562624 0 0 0 0-709;0 0 0 0 9223372036854841344 4503621102731536 0 0 570687488 140737488355328 0 0
365;0 32212254720 0 0 0 137438953472-709;134217728 0 0 0 9223372036854841344 21474853120 0 0 0 140737488355328 0 0
365;8 281474976710656 72057594038452230 441915782222315524 34359869890 0-709;12297289888768196618 3077459472992091221 9223372039891713108 98384302377183978 65536 0 0 0 18442240474082181120 140737488355335 16 0
365;8 144115188075855872 72057594038452230 441915782222315524 34359869890 0-709;12297289888768196618 3077459472992091221 9223372039891713108 98384302377183978 65536 0 0 0 18442240474082181120 140737488355335 1024 0
365;8 0 72058693550080006 441915782222315524 34359869890 0-709;12297289888768196618 3077459472992091221 9223372039891713108 98384302377183978 65536 0 0 0 18442240474082181120 140737488355335 131072 0
365;8 0 72057594041597958 441915782222315524 34359869890 0-709;12297289888768196618 3077459472992091221 9223372039891713108 98384302377183978 65536 0 0 0 18442240474082181120 140737488355335 33554432 0
365;0 21483225088 0 0 0 137438953472-709;0 0 0 0 9223372036854841344 21474838784 0 0 0 140737488355328 0 0
365;8 0 72057595136966662 441915782222315520 34359869890 137438953472-709;12297289888768196618 3077459472992091221 9223372039891713108 98384302377183978 65536 0 0 0 72057594037927936 140737488486400 0 0
365;0 21474836480 0 0 0 137438953472-709;134217728 0 0 0 9223372036854841344 21474855168 0 0 0 140737488355328 0 0
365;128 0 72132360828616704 11529215046068470020 2886218022912 137438953472-709;12297289888768196618 3077459472992091221 9223372039891713108 98384302377183978 65536 0 0 0 72057594037927936 140737521909760 0 0
365;8 281474976710656 72057594038452230 441915782222315524 34359869890 137438953472-709;12297289888768196618 3077459472992091221 9223372039891713108 98384302377183978 65536 0 0 0 72057594037927936 140737488355328 16 0
365;0 8388608 0 0 0 137438953472-709;0 0 0 0 9223372036854841344 21474846976 0 0 0 140737488355328 0 0
365;0 21474836480 0 0 0 0-709;134217728 0 0 0 9223372036854841344 4503621102225664 0 0 33554432 140737488355328 0 0
365;8 144115188075855872 72057594038452230 441915782222315524 34359869890 137438953472-709;12297289888768196618 3077459472992091221 9223372039891713108 98384302377183978 65536 0 0 0 72057594037927936 140737488355328 1024 0
365;8 0 72058693550080006 441915782222315524 34359869890 137438953472-709;12297289888768196618 3077459472992091221 9223372039891713108 98384302377183978 65536 0 0 0 72057594037927936 140737488355328 131072 0
365;8 0 72057594041597958 441915782222315524 34359869890 137438953472-709;12297289888768196618 3077459472992091221 9223372039891713108 98384302377183978 65536 0 0 0 72057594037927936 140737488355328 33554432 0
365;8 0 360287970190199814 441915782222315524 34359869922 137439215616-709;12297289888768196618 3077459472992091221 9223372039891713108 98384302377183978 0 0 192 0 72057594037927936 0 0 0
365;0 8388608 0 0 0 0-709;0 0 0 0 9223372036854841344 4503621102217472 0 0 33554432 140737488355328 0 0
365;0 32212254720 0 0 0 0-709;134217728 0 0 0 9223372036854841344 4503621102223616 0 0 33554432 140737488355328 0 0
365;0 21483225088 0 0 0 0-709;0 0 0 0 9223372036854841344 4503621102209280 0 0 33554432 140737488355328 0 0
365;4104 0 360287970190196742 441915782222315524 34359869922 137439215616-709;0 0 3152 0 0 0 4611686018427387904 0 0 0 0 0
365;8 0 360287970190199814 441915782222315524 34359869922 262144-709;12297289888768196618 3077459472992091221 9223372039891713108 98384302377183978 0 0 192 0 18442240474082181120 7 0 0
365;0 0 0 0 18014398509481984 137438953472-709;12297078782535838432 3077459472992091221 9223372036855037012 44738794 0 0 8 1125900041125888 72620543991349248 5520 4508014853750800 0
365;540431955284459520 36099165763141652 1104 0 2147483648 137438953472-709;0 0 9570424086069248 0 19922944 0 0 0 0 562949953421312 0 0
365;0 679608320 0 0 0 137438953472-709;0 0 0 0 9223372036854841344 21474844928 0 0 0 140737488355328 0 0
365;1 0 0 0 0 1236950581248-709;64 0 0 0 0 0 0 0 0 0 32768 0
365;0 20 0 0 18446603336221196288 8191-709;12297078782535663616 3077459472992091221 9223372036855037012 44738794 0 22517998136852480 0 0 0 0 0 0
365;0 679608320 0 0 0 0-709;0 0 0 0 9223372036854841344 4503621102215424 0 0 33554432 140737488355328 0 0
365;468374361246531584 36099165763141648 1088 0 0 137438953472-709;0 0 9570424086069248 0 17592205967360 0 0 0 0 562949953421312 0 0
365;0 20 0 0 18014398509481984 0-709;12297078782535663616 3077459472992091221 9223372036855037012 44738794 0 22517998136852480 0 0 72057594037927936 0 0 0
365;0 32212811776 0 0 0 137438953472-709;0 0 0 0 9223372036854841344 21474853120 0 0 0 140737488355328 0 0
365;0 20 0 0 1152921504606846976 0-709;12297078782535663616 3077459472992091221 9223372036855037012 44738794 0 22517998136852480 0 0 9223372036854775808 0 0 0
365;0 36099165763141632 1104 0 2147483648 137438953472-709;12297289888768196618 3077459472992091221 9232942463977782356 98384302377183978 19988480 0 0 0 72057594037927936 703687441776640 0 0
365;0 20 0 0 4611686018427387904 0-709;12297078782535663616 3077459472992091221 9223372036855037012 44738794 0 22517998136852480 0 0 0 2 0 0
365;0 3072 3072 0 0 137438953472-709;0 0 0 0 65536 6 192 0 0 140737488355328 0 0
365;0 32212811776 0 0 0 0-709;0 0 0 0 9223372036854841344 4503621102223616 0 0 33554432 140737488355328 0 0
365;0 144115188075855872 0 0 18446603336221196288 8191-709;12297078782535663616 3077459472992091221 9223372036855037012 44738794 0 0 0 144115188075855872 0 0 0 0
365;0 36099165763141632 1088 0 0 137438953472-709;12297289888768196618 3077459472992091221 9232942463977782356 98384302377183978 17592206032896 0 0 0 72057594037927936 703687441776640 0 0
365;0 2097152 0 0 0 137438953472-709;0 0 0 0 9223372036854841344 21508391168 0 0 0 140737488355328 0 0
365;8 3072 360287970190199814 441915782222315524 34359869922 137707388928-709;0 0 0 0 65536 0 192 0 0 140737488355328 0 0
365;0 144115188075855872 0 0 18014398509481984 0-709;12297078782535663616 3077459472992091221 9223372036855037012 44738794 0 0 0 144115188075855872 72057594037927936 0 0 0
365;0 0 1024 0 0 137438953472-709;12297289888768196618 3077459472992091221 9232942463977782356 98384302377183978 17592206032896 6 192 0 72057594037927936 703687441776640 0 0
365;0 144115188075855872 0 0 1152921504606846976 0-709;12297078782535663616 3077459472992091221 9223372036855037012 44738794 0 0 0 144115188075855872 9223372036854775808 0 0 0
365;0 2097152 0 0 0 0-709;0 0 0 0 9223372036854841344 4503621135761664 0 0 33554432 140737488355328 0 0
365;6049461436416 0 0 0 0 171798691840-709;0 0 0 0 126100789566373888 2 0 0 0 0 0 0
365;0 144115188075855872 0 0 4611686018427387904 0-709;12297078782535663616 3077459472992091221 9223372036855037012 44738794 0 0 0 144115188075855872 0 2 1024 0
365;9223372036854776316 18446739675663040574 18446744073709551615 18446744073709551615 1152930300699869183 917504-709;12297078782535663616 3077459472992091221 9223372036855037012 44738794 0 0 0 0 9223372036854775808 0 0 0
365;0 0 1024 0 0 0-709;12297289888768196618 3077459472992091221 9232942463977782356 98384302377183978 17592206032896 6 192 0 18442240474082181120 703687441776647 0 0
365;0 274877906432 0 0 0 0-709;0 0 0 0 9223372036854841344 4503621102207232 0 0 33554432 140737488355328 0 0
365;0 36099165763141632 1088 0 0 0-709;12297289888768196618 3077459472992091221 9232942463977782356 98384302377183978 17592206032896 0 0 0 18442240474082181120 703687441776647 0 0
365;8 144115188075855872 72057594038452230 441915782222315524 4611686052787257794 137438953472-709;12297078782535663616 3077459472992091221 9223372036855037012 44738794 0 0 0 0 0 0 1024 0
365;6049461436416 0 0 0 0 34359738368-709;0 0 0 0 126100789566373888 22517998136852482 0 36310271995674624 70368744177802 0 0 0
365;0 36099165763141632 1104 0 2147483648 0-709;12297289888768196618 3077459472992091221 9232942463977782356 98384302377183978 19988480 0 0 0 18442240474082181120 703687441776647 0 0
365;18016623503867904 0 0 0 0 137438953472-709;15032385536 0 0 0 262144 0 0 0 0 0 0 0
365;0 0 3072 0 0 137438953472-709;12297289888768196618 3077459472992091221 9232942463977782356 98384302377183978 2162688 6 192 0 72057594037927936 703687441776640 0 0
365;0 2199023255040 0 0 0 0-709;0 0 0 0 9223372036854841344 21474836736 0 0 33554432 140737488355328 0 0
365;0 3072 0 0 0 137439215616-709;0 0 0 0 9223372036854775808 4294967296 192 0 0 0 0 0
365;8 0 360287970190196742 441915782222315524 34359869922 137707388928-709;0 0 0 0 65536 0 18446744073709551584 11 0 140737488355328 0 0
365;0 0 3072 0 0 0-709;12297289888768196618 3077459472992091221 9232942463977782356 98384302377183978 2162688 6 192 0 18442240474082181120 703687441776647 0 0
365;0 3072 0 0 0 262144-709;0 0 0 0 9223372036854775808 4294967296 192 0 33554432 0 0 0
365;0 0 360287970190196742 441915782222315524 131554 137438953472-709;12297289888768196618 3077459472992091221 9232942463977782356 98384302377183978 2162688 0 18446744073709551584 11 72057594037927936 703687441776640 0 0
365;8 0 360287970189672454 441915782222315524 34359869922 137707388928-709;0 0 0 0 65536 0 18446744073709551584 31 0 140737488355328 0 0
365;131072 2199056818176 0 0 0 0-709;0 0 0 0 0 524304 0 0 537133056 0 0 0
365;0 0 0 0 0 274877906944-709;0 0 8804682956800 0 0 4503599627370496 0 0 2 0 0 0
365;0 0 72057594037927942 4 0 8522825728-709;0 0 0 0 65536 0 0 0 0 140737488355328 2 0
365;131072 33562624 0 0 0 137438953472-709;0 0 0 0 9223372036854775808 4295491600 0 0 0 0 0 0
365;0 274877906432 0 0 18446603336221196288 8191-709;0 0 0 0 0 4503599627370496 0 0 33554432 0 0 0
365;0 0 360287970189672454 441915782222315524 131554 137438953472-709;12297289888768196618 3077459472992091221 9232942463977782356 98384302377183978 2162688 0 18446744073709551584 31 72057594037927936 703687441776640 0 0
365;8 4 360287970190196742 441915782222315524 34359869922 137707651072-709;0 0 0 0 0 0 67109056 0 0 0 0 0
365;131072 33562624 0 0 0 0-709;0 0 0 0 9223372036854775808 4295491600 0 0 570687488 0 0 0
365;508 18446739675663040512 18446744073709551615 18446744073709551615 8796093022207 137441968128-709;0 0 0 98384300453396480 0 0 0 0 72057594037927936 0 0 0
365;4509653417328640 3072 0 0 0 34359738368-709;0 0 0 0 0 18014398509481986 0 0 0 0 0 0
365;0 0 360287970189672454 441915782222315524 131554 0-709;12297289888768196618 3077459472992091221 9232942463977782356 98384302377183978 2162688 0 18446744073709551584 31 18442240474082181120 703687441776647 0 0
365;8 0 72057594038452230 441915782222315524 34359869890 137707388928-709;0 0 0 0 65536 4611686018427387904 18446744073709551584 11 0 140737488355328 0 0
365;0 0 360287970190196742 441915782222315524 131554 0-709;12297289888768196618 3077459472992091221 9232942463977782356 98384302377183978 2162688 0 18446744073709551584 11 18442240474082181120 703687441776647 0 0
365;131072 2199056818176 0 0 18446603336221196288 8191-709;0 0 0 0 0 0 0 0 537133056 0 0 0
365;0 0 360287970190199814 441915782222315524 131554 137438953472-709;12297289888768196618 3077459472992091221 9232942463977782356 98384302377183978 2162688 0 192 0 72057594037927936 703687441776640 0 0
365;0 33562624 0 0 18446603336221196288 8191-709;0 0 0 0 0 4503599627370496 0 0 570687488 0 0 0
365;8 0 72057594037927942 441915782222315524 34359869890 137707388928-709;0 0 0 0 65536 4611686018427387904 18446744073709551584 31 0 140737488355328 0 0
365;8 0 360287970189672454 441915782222315524 34359869922 137707651072-709;0 0 0 0 0 0 18446744073709551584 31 0 0 0 0
365;0 0 0 4 0 137707388928-709;0 0 0 0 65536 4611686018427387904 18446744073709551584 31 0 11529355783556825088 0 0
365;0 0 0 4 0 268435456-709;0 0 0 0 65536 4611686018427387904 18446744073709551584 31 0 11529355783556825088 2 0
365;0 0 360287970190199814 441915782222315524 131554 0-709;12297289888768196618 3077459472992091221 9232942463977782356 98384302377183978 2162688 0 192 0 18442240474082181120 703687441776647 0 0
365;0 0 72057594037927942 4 0 268435456-709;0 0 0 0 65536 4611686018427387904 18446744073709551584 31 0 140737488355328 2 0
365;0 0 72057594037927942 0 0 144418275328-709;0 0 0 0 65536 0 0 0 0 9147936743096320 0 0
365;0 576460752303423488 360287970190196742 441915782222315524 131554 137438953472-709;12297289888768196618 3077459472992091221 9232942463977782356 98384302377183978 2162688 0 1125899906842624 0 72057594037927936 703687441776640 0 0
365;0 0 72057594037927942 0 0 6979321856-709;0 0 0 0 65536 0 0 0 0 9147936743096320 2 0
365;23643274870784 0 0 0 0 120259084288-709;0 0 0 0 36028797018963968 4503599627370496 0 0 70368744177666 0 0 0
365;131072 33562624 0 0 18446603336221196288 8191-709;0 0 0 0 0 0 0 0 570687488 0 0 0
365;9 0 72057594038452230 441915782222315524 34359869890 137438953472-709;0 0 0 0 0 0 0 0 0 0 32784 0
365;0 576460752303423488 360287970190196742 441915782222315524 131554 0-709;12297289888768196618 3077459472992091221 9232942463977782356 98384302377183978 2162688 0 1125899906842624 0 18442240474082181120 703687441776647 0 0
365;0 0 0 351843720888320 0 137438953472-709;12297289888768196618 3077459472992091221 9232942463977782356 98384302377183978 2162688 0 0 3145728 72057594037927936 703687441776640 0 0
365;6049461436416 3072 0 0 0 34359738368-709;0 0 0 0 0 22517998136852482 0 0 0 0 0 0
365;0 0 0 351843720888320 0 0-709;12297289888768196618 3077459472992091221 9232942463977782356 98384302377183978 2162688 0 0 3145728 18442240474082181120 703687441776647 0 0
365;0 26388279066624 0 0 0 0-709;12297289888768196618 3077459472992091221 9232942463977782356 98384302377183978 2162688 0 0 105553116266496 18442240474082181120 703687441776647 0 0
365;0 281474976710656 0 0 0 137438953472-709;12297289888768196618 3077459472992091221 9232942463977782356 98384302377183978 2162688 0 0 1125899906842624 72057594037927936 703687441776640 16 0
365;23643274870784 0 0 0 18446603336221196288 395136999423-709;0 0 0 0 0 4503599627370496 0 0 2 0 0 0
365;0 281474976710656 0 0 0 0-709;12297289888768196618 3077459472992091221 9232942463977782356 98384302377183978 2162688 0 0 1125899906842624 18442240474082181120 703687441776647 16 0
365;0 144115188075855872 0 0 0 0-709;12297289888768196618 3077459472992091221 9232942463977782356 98384302377183978 2162688 0 0 144115188075855872 18442240474082181120 703687441776647 1024 0
365;23643274870784 0 0 0 18446603336221196288 120259092479-709;0 0 0 0 0 4503599627370496 0 0 70368744177666 0 0 0
365;8 0 72057594037927942 441915782222315524 34359869890 137707651072-709;0 0 0 0 0 4611686018427387904 18446744073709551584 31 0 0 0 0
365;0 18446739675663040512 18446744073709551615 18446744073709551615 3221225471 0-709;12297289888768196618 3077459472992091221 9232942463977782356 98384302377183978 2162688 0 0 0 18442240474082181120 703687441776647 0 0
365;0 0 0 4 0 137707651072-709;0 0 0 0 0 4611686018427387904 18446744073709551584 31 0 11529215046068469760 0 0
365;0 0 0 4 0 268697600-709;0 0 0 0 0 4611686018427387904 18446744073709551584 31 0 11529215046068469760 2 0
365;0 0 72057594037927942 4 0 268697600-709;0 0 0 0 0 4611686018427387904 18446744073709551584 31 0 0 2 0
365;0 0 0 0 18446603336221196288 17592186052607-709;0 0 0 0 0 0 0 0 12845056 0 0 0
365;0 0 0 27153924096 0 0-709;12297289888768196618 3077459472992091221 9232942463977782356 98384302377183978 2162688 0 0 0 18442240474082181120 703687441809415 0 0
365;1152921504606846976 128 72057594037927942 0 0 6979321856-709;0 0 0 0 0 0 0 0 0 9007199254740992 2 0
365;0 0 72057595136966662 441915782222315520 131522 0-709;12297289888768196618 3077459472992091221 9232942463977782356 98384302377183978 2162688 0 0 0 18442240474082181120 703687441907719 0 0
365;0 0 72132360828616704 11529215046068470020 0 0-709;12297289888768196618 3077459472992091221 9232942463977782356 98384302377183978 2162688 0 0 0 18442240474082181120 703687475331079 0 0
365;0 281474976710656 72057594038452230 441915782222315524 131522 0-709;12297289888768196618 3077459472992091221 9232942463977782356 98384302377183978 2162688 0 0 0 18442240474082181120 703687441776647 16 0
365;0 144115188075855872 72057594038452230 441915782222315524 131522 0-709;12297289888768196618 3077459472992091221 9232942463977782356 98384302377183978 2162688 0 0 0 18442240474082181120 703687441776647 1024 0
365;0 0 72058693550080006 441915782222315524 131522 0-709;12297289888768196618 3077459472992091221 9232942463977782356 98384302377183978 2162688 0 0 0 18442240474082181120 703687441776647 131072 0
365;0 0 72057594041597958 441915782222315524 131522 0-709;12297289888768196618 3077459472992091221 9232942463977782356 98384302377183978 2162688 0 0 0 18442240474082181120 703687441776647 33554432 0
365;0 0 0 27153924096 0 137438953472-709;12297289888768196618 3077459472992091221 9232942463977782356 98384302377183978 2162688 0 0 0 72057594037927936 703687441809408 0 0
365;0 0 72057595136966662 441915782222315520 131522 137438953472-709;12297289888768196618 3077459472992091221 9232942463977782356 98384302377183978 2162688 0 0 0 72057594037927936 703687441907712 0 0
365;0 0 72132360828616704 11529215046068470020 0 137438953472-709;12297289888768196618 3077459472992091221 9232942463977782356 98384302377183978 2162688 0 0 0 72057594037927936 703687475331072 0 0
365;0 281474976710656 72057594038452230 441915782222315524 131522 137438953472-709;12297289888768196618 3077459472992091221 9232942463977782356 98384302377183978 2162688 0 0 0 72057594037927936 703687441776640 16 0
365;0 144115188075855872 72057594038452230 441915782222315524 131522 137438953472-709;12297289888768196618 3077459472992091221 9232942463977782356 98384302377183978 2162688 0 0 0 72057594037927936 703687441776640 1024 0
365;0 0 72058693550080006 441915782222315524 131522 137438953472-709;12297289888768196618 3077459472992091221 9232942463977782356 98384302377183978 2162688 0 0 0 72057594037927936 703687441776640 131072 0
365;0 0 72057594041597958 441915782222315524 131522 137438953472-709;12297289888768196618 3077459472992091221 9232942463977782356 98384302377183978 2162688 0 0 0 72057594037927936 703687441776640 33554432 0
365;8 0 360287970190196742 441915782222315524 34359869922 137439215616-709;12297289888768196618 3077459472992091221 9223372039891713108 98384302377183978 0 0 18446744073709551584 11 72057594037927936 0 0 0
365;8 0 360287970189672454 441915782222315524 34359869922 137439215616-709;12297289888768196618 3077459472992091221 9223372039891713108 98384302377183978 0 0 18446744073709551584 31 72057594037927936 0 0 0
365;8 0 360287970189672454 441915782222315524 34359869922 262144-709;12297289888768196618 3077459472992091221 9223372039891713108 98384302377183978 0 0 18446744073709551584 31 18442240474082181120 7 0 0
365;8 0 360287970190196742 441915782222315524 34359869922 262144-709;12297289888768196618 3077459472992091221 9223372039891713108 98384302377183978 0 0 18446744073709551584 11 18442240474082181120 7 0 0
365;0 0 0 0 18446603336221196288 8191-709;12297078782550518496 3077459472992091221 9223372036855037012 44738794 0 69805794224242688 8 18446726481657790464 1970324836974591 5520 4508014853750784 0
365;0 0 0 0 1152921504606846976 0-709;12297078782550518496 3077459472992091221 9223372036855037012 44738794 0 70931694131085312 8 18446726481657790464 9225342361691750399 5520 4508014853750784 0
365;0 0 0 0 18014398509481984 0-709;12297078782550518496 3077459472992091221 9223372036855037012 44738794 0 69805794224242688 8 18446726481657790464 74027918874902527 5520 4508014853750800 0
365;0 0 0 0 4611686018427387904 0-709;12297078782550518496 3077459472992091221 9223372036855037012 44738794 0 69805794224242688 8 18446726481657790464 1970324836974591 5522 4508014853751808 0
365;0 0 0 0 72057594037927936 0-709;12297078782550518496 3077459472992091221 9223372036855037012 44738794 0 69805794224242688 8 18446726481657790464 1970324836974591 5520 4508015927492608 0
365;1 0 0 0 18014398509481984 137438953472-709;64 0 0 0 0 0 0 0 0 0 16 0
365;1 0 0 0 0 137438953472-709;64 0 0 0 0 0 0 0 0 0 32784 0
365;9223372036854775808 0 0 0 1152921504606846976 0-709;12297078782535663616 3077459472992091221 9223372036855037012 44738794 0 1125899906842624 0 0 9223372036854775808 0 0 0
365;0 281474976710656 0 0 18446603336221196288 137438961663-709;12297078782535663616 3077459472992091221 9223372036855037012 44738794 0 0 0 1125899906842624 0 0 0 0
365;0 281474976710656 0 0 18014398509481984 137438953472-709;12297078782535663616 3077459472992091221 9223372036855037012 44738794 0 0 0 1125899906842624 72057594037927936 0 16 0
365;0 281474976710656 0 0 1152921504606846976 0-709;12297078782535663616 3077459472992091221 9223372036855037012 44738794 0 0 0 1125899906842624 9223372036854775808 0 0 0
365;0 281474976710656 0 0 4611686018427387904 0-709;12297078782535663616 3077459472992091221 9223372036855037012 44738794 0 0 0 1125899906842624 0 2 0 0
365;508 18446739675663040574 18446744073709551615 18446744073709551615 18023194602504191 137439870976-709;12297078782535663616 3077459472992091221 9223372036855037012 44738794 0 0 0 0 72057594037927936 0 0 0
365;8 281474976710656 72057594038452230 441915782222315524 18014432869351874 137438953472-709;12297078782535663616 3077459472992091221 9223372036855037012 44738794 0 0 0 0 72057594037927936 0 16 0
365;1152921504606846976 0 72057594037927942 4 0 262144-709;12297078782535663616 3077459472992091221 9223372036855037012 44738794 0 0 0 0 0 0 2 0
365;0 32212254720 0 0 12 137438953472-709;134217728 0 0 0 65536 16384 0 0 0 140737488355328 0 0
365;4096 0 0 0 18446603336221196288 8191-709;0 0 3152 0 0 0 0 0 2886218022912 0 0 0
365;508 18446739675663040512 18446744073709551615 18446744073709551615 8796093022207 3014656-709;0 0 0 98384300453396480 0 0 0 0 18442240474082181120 7 0 0
365;0 32212811776 0 0 12 137438953472-709;0 0 0 0 65536 16384 0 0 0 140737488355328 0 0
365;8 576460752303423488 360287970190196742 441915782222315524 34359869922 137707388928-709;0 0 0 0 65536 0 1125899906842624 0 0 140737488355328 0 0
365;4509653417328640 0 0 0 0 34359738368-709;0 0 0 0 90071992547409920 18014398509481986 0 36310271995674624 136 0 0 0
365;131072 2199023255040 0 0 0 917504-709;0 0 0 0 9223372036854775808 4294967296 0 0 33554432 0 0 0
365;14845554458624 3092 0 0 18446603336221196288 34359746559-709;0 0 0 0 0 22517998136852480 0 0 0 0 0 0
365;0 3092 0 0 0 0-709;0 0 0 0 0 22517998136852480 192 0 0 0 0 0
365;6049461436416 0 0 0 18446603336221196288 34359746559-709;0 0 0 0 0 22517998136852480 0 36310271995674624 70368744177802 0 0 0
365;0 3072 0 0 18446603336221196288 8191-709;0 0 0 0 0 22517998136852480 0 0 33554432 0 0 0
365;4509653417328640 0 0 0 18446603336221196288 34359746559-709;0 0 0 0 0 18014398509481984 0 36310271995674624 136 0 0 0
365;0 144115188075855872 0 0 4611686018427387904 549755813888-709;0 0 0 0 0 0 0 144115188075855872 0 2 1024 0
365;8 144115188075855872 72057594038452230 441915782222315524 4611686052787257794 549755813888-709;0 0 0 0 0 0 0 0 0 2 1024 0
